18; 1; 0.9000; -340.398846; -0.725149; 929.264209; 0.0018149692; 48.087526; 0.0096912822;
18; 2; 0.9100; -340.432213; -0.724759; 929.038876; 0.0018145291; 48.093372; 0.0096918712;
18; 3; 0.9201; -340.463584; -0.724268; 929.068886; 0.0018145877; 48.068863; 0.0096894013;
18; 4; 0.9301; -340.493077; -0.723632; 928.026582; 0.0018125519; 48.058413; 0.0096883480;
18; 5; 0.9401; -340.520810; -0.723067; 927.974200; 0.0018124496; 48.042718; 0.0096867659;
18; 6; 0.9501; -340.546853; -0.722548; 928.275602; 0.0018130383; 48.021416; 0.0096846181;
18; 7; 0.9602; -340.571317; -0.721902; 927.838999; 0.0018121855; 48.014109; 0.0096838813;
18; 8; 0.9702; -340.594278; -0.721284; 927.685069; 0.0018118849; 47.999134; 0.0096823711;
18; 9; 0.9802; -340.615820; -0.720774; 928.078339; 0.0018126530; 47.964528; 0.0096788800;
18; 10; 0.9902; -340.636025; -0.720137; 928.081919; 0.0018126600; 47.958939; 0.0096783161;
18; 11; 1.0003; -340.654960; -0.719619; 928.798795; 0.0018140601; 47.936079; 0.0096760092;
18; 12; 1.0103; -340.672697; -0.718963; 928.849861; 0.0018141599; 47.928385; 0.0096752327;
18; 13; 1.0203; -340.689301; -0.718455; 929.564033; 0.0018155548; 47.890789; 0.0096714372;
18; 14; 1.0303; -340.704840; -0.717848; 930.218898; 0.0018168338; 47.882970; 0.0096706477;
18; 15; 1.0404; -340.719361; -0.717334; 931.364995; 0.0018190723; 47.858417; 0.0096681679;
18; 16; 1.0504; -340.732927; -0.716801; 932.495299; 0.0018212799; 47.837364; 0.0096660411;
18; 17; 1.0604; -340.745589; -0.716263; 933.772366; 0.0018237742; 47.819092; 0.0096641949;
18; 18; 1.0704; -340.757405; -0.715626; 934.442069; 0.0018250822; 47.806536; 0.0096629261;
18; 19; 1.0805; -340.768407; -0.715131; 936.233252; 0.0018285806; 47.779830; 0.0096602267;
18; 20; 1.0905; -340.778647; -0.714626; 938.112398; 0.0018322508; 47.761509; 0.0096583745;
18; 21; 1.1005; -340.788168; -0.714122; 940.059362; 0.0018360534; 47.739629; 0.0096561619;
18; 22; 1.1105; -340.797016; -0.713533; 941.643332; 0.0018391471; 47.725576; 0.0096547406;
18; 23; 1.1206; -340.805216; -0.713076; 944.309134; 0.0018443538; 47.703079; 0.0096524647;
18; 24; 1.1306; -340.812810; -0.712617; 946.975094; 0.0018495607; 47.680016; 0.0096501311;
18; 25; 1.1406; -340.819832; -0.712161; 949.939770; 0.0018553511; 47.660666; 0.0096481728;
18; 26; 1.1506; -340.826316; -0.711715; 953.028182; 0.0018613832; 47.639074; 0.0096459871;
18; 27; 1.1607; -340.832297; -0.711214; 955.903279; 0.0018669986; 47.623576; 0.0096444179;
18; 28; 1.1707; -340.837791; -0.710828; 959.645357; 0.0018743073; 47.598625; 0.0096418911;
18; 29; 1.1807; -340.842833; -0.710451; 963.566185; 0.0018819652; 47.575459; 0.0096395445;
18; 30; 1.1907; -340.847450; -0.710090; 967.632073; 0.0018899064; 47.552947; 0.0096372636;
18; 31; 1.2008; -340.851665; -0.709748; 971.841361; 0.0018981277; 47.529740; 0.0096349117;
18; 32; 1.2108; -340.855503; -0.709434; 976.141698; 0.0019065268; 47.505974; 0.0096325026;
18; 33; 1.2208; -340.858986; -0.709144; 980.456034; 0.0019149532; 47.481318; 0.0096300025;
18; 34; 1.2308; -340.862135; -0.708892; 984.739761; 0.0019233198; 47.455711; 0.0096274054;
18; 35; 1.2409; -340.864969; -0.708674; 988.898810; 0.0019314430; 47.429051; 0.0096247008;
18; 36; 1.2509; -340.867508; -0.708505; 992.723402; 0.0019389129; 47.401345; 0.0096218892;
18; 37; 1.2609; -340.869771; -0.708356; 996.295613; 0.0019458899; 47.372324; 0.0096189433;
18; 38; 1.2709; -340.871774; -0.708261; 999.311129; 0.0019517795; 47.342186; 0.0096158830;
18; 39; 1.2810; -340.873534; -0.708212; 1001.561102; 0.0019561740; 47.310979; 0.0096127133;
18; 40; 1.2910; -340.875066; -0.708209; 1003.002650; 0.0019589896; 47.278740; 0.0096094375;
18; 41; 1.3010; -340.876385; -0.708253; 1003.517588; 0.0019599953; 47.245731; 0.0096060823;
18; 42; 1.3110; -340.877506; -0.708341; 1003.035514; 0.0019590537; 47.212138; 0.0096026667;
18; 43; 1.3211; -340.878441; -0.708472; 1001.559090; 0.0019561701; 47.178286; 0.0095992234;
18; 44; 1.3311; -340.879204; -0.708644; 999.192969; 0.0019515488; 47.144408; 0.0095957762;
18; 45; 1.3411; -340.879807; -0.708850; 996.176118; 0.0019456565; 47.110827; 0.0095923581;
18; 46; 1.3511; -340.880261; -0.709089; 992.624360; 0.0019387195; 47.077738; 0.0095889889;
18; 47; 1.3612; -340.880576; -0.709350; 988.674179; 0.0019310043; 47.045385; 0.0095856933;
18; 48; 1.3712; -340.880765; -0.709632; 984.450298; 0.0019227545; 47.013870; 0.0095824822;
18; 49; 1.3812; -340.880835; -0.709931; 980.096713; 0.0019142514; 46.983311; 0.0095793674;
18; 50; 1.3912; -340.880797; -0.710236; 975.853041; 0.0019059630; 46.953819; 0.0095763604;
18; 51; 1.4013; -340.880660; -0.710545; 971.801090; 0.0018980490; 46.925494; 0.0095734714;
18; 52; 1.4113; -340.880431; -0.710854; 968.019501; 0.0018906631; 46.898284; 0.0095706954;
18; 53; 1.4213; -340.880119; -0.711159; 964.594803; 0.0018839742; 46.872210; 0.0095680346;
18; 54; 1.4313; -340.879731; -0.711457; 961.531335; 0.0018779909; 46.847225; 0.0095654841;
18; 55; 1.4414; -340.879275; -0.711744; 958.911082; 0.0018728732; 46.823375; 0.0095630489;
18; 56; 1.4514; -340.878757; -0.712017; 956.718498; 0.0018685908; 46.800581; 0.0095607209;
18; 57; 1.4614; -340.878183; -0.712275; 954.955254; 0.0018651470; 46.778819; 0.0095584978;
18; 58; 1.4714; -340.877560; -0.712517; 953.593853; 0.0018624880; 46.758074; 0.0095563782;
18; 59; 1.4815; -340.876893; -0.712741; 952.631769; 0.0018606089; 46.738291; 0.0095543563;
18; 60; 1.4915; -340.876188; -0.712944; 952.075675; 0.0018595228; 46.719450; 0.0095524303;
18; 61; 1.5015; -340.875449; -0.713128; 951.891310; 0.0018591627; 46.701507; 0.0095505958;
18; 62; 1.5115; -340.874681; -0.713290; 952.044699; 0.0018594623; 46.684373; 0.0095488437;
18; 63; 1.5216; -340.873889; -0.713436; 952.477520; 0.0018603077; 46.668012; 0.0095471704;
18; 64; 1.5316; -340.873077; -0.713554; 953.275462; 0.0018618661; 46.652335; 0.0095455666;
18; 65; 1.5416; -340.872248; -0.713655; 954.309644; 0.0018638860; 46.637268; 0.0095440251;
18; 66; 1.5516; -340.871406; -0.713735; 955.603761; 0.0018664136; 46.622709; 0.0095425352;
18; 67; 1.5617; -340.870555; -0.713796; 957.112048; 0.0018693595; 46.608552; 0.0095410864;
18; 68; 1.5717; -340.869696; -0.713836; 958.824108; 0.0018727033; 46.594633; 0.0095396615;
18; 69; 1.5817; -340.868834; -0.713860; 960.676735; 0.0018763217; 46.580832; 0.0095382486;
18; 70; 1.5917; -340.867970; -0.713866; 962.677632; 0.0018802298; 46.567025; 0.0095368350;
18; 71; 1.6018; -340.867108; -0.713857; 964.781090; 0.0018843381; 46.553087; 0.0095354076;
18; 72; 1.6118; -340.866249; -0.713834; 966.972223; 0.0018886176; 46.538880; 0.0095339525;
18; 73; 1.6218; -340.865395; -0.713771; 969.157784; 0.0018928863; 46.524227; 0.0095324515;
18; 74; 1.6318; -340.864547; -0.713751; 971.485861; 0.0018974333; 46.509081; 0.0095308997;
18; 75; 1.6419; -340.863709; -0.713694; 973.757824; 0.0019018707; 46.493260; 0.0095292785;
18; 76; 1.6519; -340.862880; -0.713630; 975.990835; 0.0019062321; 46.476692; 0.0095275804;
18; 77; 1.6619; -340.862063; -0.713560; 978.170322; 0.0019104889; 46.459288; 0.0095257964;
18; 78; 1.6719; -340.861258; -0.713487; 980.277152; 0.0019146038; 46.440982; 0.0095239195;
18; 79; 1.6820; -340.860466; -0.713412; 982.266614; 0.0019184895; 46.421686; 0.0095219407;
18; 80; 1.6920; -340.859688; -0.713337; 984.125466; 0.0019221201; 46.401448; 0.0095198649;
18; 81; 1.7020; -340.858925; -0.713653; 718.070834; 0.0014024821; 46.288123; 0.0095082328;
18; 82; 1.7120; -340.858178; -0.713841; 604.499451; 0.0011806630; 46.264812; 0.0095058383;
18; 83; 1.7221; -340.857446; -0.713130; 988.701716; 0.0019310580; 46.334561; 0.0095130010;
18; 84; 1.7321; -340.856730; -0.713072; 989.828990; 0.0019332597; 46.310361; 0.0095105165;
18; 85; 1.7421; -340.856032; -0.713022; 990.789101; 0.0019351350; 46.285218; 0.0095079343;
18; 86; 1.7521; -340.855349; -0.712982; 991.570965; 0.0019366620; 46.259245; 0.0095052663;
18; 87; 1.7622; -340.854684; -0.712953; 992.184308; 0.0019378600; 46.232393; 0.0095025072;
18; 88; 1.7722; -340.854035; -0.712934; 992.632081; 0.0019387345; 46.204816; 0.0094996727;
18; 89; 1.7822; -340.853404; -0.712928; 992.882222; 0.0019392231; 46.176520; 0.0094967634;
18; 90; 1.7922; -340.852789; -0.712935; 992.931652; 0.0019393196; 46.147568; 0.0094937858;
18; 91; 1.8023; -340.852192; -0.712954; 992.784218; 0.0019390317; 46.117959; 0.0094907396;
18; 92; 1.8123; -340.851610; -0.712987; 992.452900; 0.0019383846; 46.087763; 0.0094876320;
18; 93; 1.8223; -340.851046; -0.713033; 991.956985; 0.0019374160; 46.056955; 0.0094844605;
18; 94; 1.8323; -340.850497; -0.713093; 991.328876; 0.0019361892; 46.025615; 0.0094812331;
18; 95; 1.8424; -340.849965; -0.713166; 990.568438; 0.0019347040; 45.993725; 0.0094779478;
18; 96; 1.8524; -340.849448; -0.713251; 989.695888; 0.0019329998; 45.961329; 0.0094746093;
18; 97; 1.8624; -340.848947; -0.713350; 988.709672; 0.0019310736; 45.928507; 0.0094712256;
18; 98; 1.8724; -340.848461; -0.713460; 987.652922; 0.0019290096; 45.895245; 0.0094677954;
18; 99; 1.8825; -340.847989; -0.713582; 986.520168; 0.0019267972; 45.861639; 0.0094643285;
18; 100; 1.8925; -340.847532; -0.713715; 985.322042; 0.0019244571; 45.827671; 0.0094608229;
18; 101; 1.9025; -340.847089; -0.713858; 984.058695; 0.0019219896; 45.793396; 0.0094572843;
18; 102; 1.9125; -340.846659; -0.714011; 982.746064; 0.0019194259; 45.758817; 0.0094537130;
18; 103; 1.9226; -340.846243; -0.714172; 981.398266; 0.0019167935; 45.723955; 0.0094501111;
18; 104; 1.9326; -340.845840; -0.714343; 980.018009; 0.0019140977; 45.688850; 0.0094464827;
18; 105; 1.9426; -340.845450; -0.714521; 978.607617; 0.0019113430; 45.653492; 0.0094428268;
18; 106; 1.9526; -340.845071; -0.714706; 977.200765; 0.0019085952; 45.617943; 0.0094391496;
18; 107; 1.9627; -340.844705; -0.714897; 975.777909; 0.0019058162; 45.582167; 0.0094354475;
18; 108; 1.9727; -340.844350; -0.715094; 974.353596; 0.0019030344; 45.546185; 0.0094317227;
18; 109; 1.9827; -340.844006; -0.715296; 972.932316; 0.0019002584; 45.509987; 0.0094279740;
18; 110; 1.9927; -340.843673; -0.715502; 971.508877; 0.0018974783; 45.473585; 0.0094242026;
18; 111; 2.0028; -340.843350; -0.715711; 970.117197; 0.0018947602; 45.436970; 0.0094204077;
18; 112; 2.0128; -340.843037; -0.715924; 968.727058; 0.0018920450; 45.400192; 0.0094165944;
18; 113; 2.0228; -340.842735; -0.716139; 967.348268; 0.0018893521; 45.363221; 0.0094127595;
18; 114; 2.0328; -340.842441; -0.716356; 965.992623; 0.0018867043; 45.326069; 0.0094089042;
18; 115; 2.0429; -340.842156; -0.716574; 964.648633; 0.0018840794; 45.288809; 0.0094050361;
18; 116; 2.0529; -340.841880; -0.716792; 963.317824; 0.0018814801; 45.251525; 0.0094011640;
18; 117; 2.0629; -340.841613; -0.717011; 962.023183; 0.0018789515; 45.214292; 0.0093972956;
18; 118; 2.0729; -340.841353; -0.717229; 960.760193; 0.0018764848; 45.177203; 0.0093934405;
18; 119; 2.0830; -340.841102; -0.717446; 959.538005; 0.0018740977; 45.140347; 0.0093896081;
18; 120; 2.0930; -340.840857; -0.717661; 958.337695; 0.0018717533; 45.103833; 0.0093858097;
18; 121; 2.1030; -340.840620; -0.717875; 957.155781; 0.0018694449; 45.067684; 0.0093820477;
18; 122; 2.1130; -340.840390; -0.718085; 955.985931; 0.0018671600; 45.032075; 0.0093783406;
18; 123; 2.1231; -340.840167; -0.718293; 954.837333; 0.0018649167; 44.997031; 0.0093746907;
18; 124; 2.1331; -340.839949; -0.718497; 953.691533; 0.0018626788; 44.962620; 0.0093711055;
18; 125; 2.1431; -340.839738; -0.718698; 952.578187; 0.0018605043; 44.928626; 0.0093675623;
18; 126; 2.1531; -340.839533; -0.718893; 951.461901; 0.0018583240; 44.895601; 0.0093641188;
18; 127; 2.1632; -340.839334; -0.719084; 950.354558; 0.0018561612; 44.863371; 0.0093607570;
18; 128; 2.1732; -340.839139; -0.719269; 949.247318; 0.0018539987; 44.832038; 0.0093574876;
18; 129; 2.1832; -340.838950; -0.719448; 948.128487; 0.0018518135; 44.801408; 0.0093542905;
18; 130; 2.1932; -340.838766; -0.719621; 947.006729; 0.0018496225; 44.771824; 0.0093512015;
18; 131; 2.2033; -340.838587; -0.719787; 945.857910; 0.0018473787; 44.743187; 0.0093482104;
18; 132; 2.2133; -340.838412; -0.719945; 944.676379; 0.0018450711; 44.715542; 0.0093453220;
18; 133; 2.2233; -340.838242; -0.720095; 943.456689; 0.0018426888; 44.688839; 0.0093425311;
18; 134; 2.2333; -340.838075; -0.720238; 942.214901; 0.0018402635; 44.663179; 0.0093398486;
18; 135; 2.2434; -340.837913; -0.720371; 940.933969; 0.0018377617; 44.638520; 0.0093372699;
18; 136; 2.2534; -340.837754; -0.720495; 939.604557; 0.0018351652; 44.614861; 0.0093347951;
18; 137; 2.2634; -340.837600; -0.720608; 938.203394; 0.0018324285; 44.592167; 0.0093324207;
18; 138; 2.2734; -340.837448; -0.720711; 936.717611; 0.0018295266; 44.570412; 0.0093301440;
18; 139; 2.2835; -340.837300; -0.720803; 935.148892; 0.0018264627; 44.549566; 0.0093279618;
18; 140; 2.2935; -340.837155; -0.720884; 933.472246; 0.0018231880; 44.529569; 0.0093258680;
18; 141; 2.3035; -340.837013; -0.720952; 931.678913; 0.0018196854; 44.510346; 0.0093238549;
18; 142; 2.3135; -340.836874; -0.721008; 929.741743; 0.0018159018; 44.491908; 0.0093219235;
18; 143; 2.3236; -340.836738; -0.721050; 927.659369; 0.0018118347; 44.474274; 0.0093200760;
18; 144; 2.3336; -340.836604; -0.721078; 925.419554; 0.0018074601; 44.457508; 0.0093183191;
18; 145; 2.3436; -340.836473; -0.721091; 923.015313; 0.0018027643; 44.441735; 0.0093166659;
18; 146; 2.3536; -340.836344; -0.721089; 920.416015; 0.0017976875; 44.427072; 0.0093151288;
18; 147; 2.3637; -340.836220; -0.721054; 916.590580; 0.0017902160; 44.416994; 0.0093140723;
18; 148; 2.3737; -340.836093; -0.720991; 912.913847; 0.0017830349; 44.405449; 0.0093128617;
18; 149; 2.3837; -340.835968; -0.720915; 909.199544; 0.0017757804; 44.394411; 0.0093117041;
18; 150; 2.3937; -340.835845; -0.720822; 905.429237; 0.0017684165; 44.384461; 0.0093106605;
18; 151; 2.4038; -340.835724; -0.720715; 901.557685; 0.0017608549; 44.375802; 0.0093097524;
18; 152; 2.4138; -340.835606; -0.720591; 897.526255; 0.0017529810; 44.368425; 0.0093089785;
18; 153; 2.4238; -340.835490; -0.720451; 893.308118; 0.0017447424; 44.362200; 0.0093083254;
18; 154; 2.4338; -340.835375; -0.720307; 888.773465; 0.0017358857; 44.360202; 0.0093081158;
18; 155; 2.4439; -340.835262; -0.720142; 884.070659; 0.0017267005; 44.358199; 0.0093079056;
18; 156; 2.4539; -340.835151; -0.719957; 879.150496; 0.0017170908; 44.356222; 0.0093076982;
18; 157; 2.4639; -340.835062; -0.719846; 876.195829; 0.0017113200; 44.335791; 0.0093055543;
18; 158; 2.4739; -340.834952; -0.719603; 869.978685; 0.0016991771; 44.343278; 0.0093063401;
18; 159; 2.4840; -340.834841; -0.719340; 863.967752; 0.0016874370; 44.343428; 0.0093063558;
18; 160; 2.4940; -340.834733; -0.719061; 857.940343; 0.0016756647; 44.339989; 0.0093059949;
18; 161; 2.5040; -340.834627; -0.718769; 851.829847; 0.0016637302; 44.333772; 0.0093053425;
18; 162; 2.5140; -340.834539; -0.718539; 847.277197; 0.0016548383; 44.297090; 0.0093014920;
18; 163; 2.5241; -340.834435; -0.718204; 840.162719; 0.0016409428; 44.299741; 0.0093017703;
18; 164; 2.5341; -340.834331; -0.717850; 833.437825; 0.0016278083; 44.289825; 0.0093007293;
18; 165; 2.5441; -340.834229; -0.717487; 826.759394; 0.0016147644; 44.273235; 0.0092989872;
18; 166; 2.5541; -340.834145; -0.717202; 821.589128; 0.0016046663; 44.216997; 0.0092930793;
18; 167; 2.5642; -340.834046; -0.716798; 814.172041; 0.0015901798; 44.208202; 0.0092921550;
18; 168; 2.5742; -340.833946; -0.716384; 807.202718; 0.0015765678; 44.184354; 0.0092896484;
18; 169; 2.5842; -340.833848; -0.715965; 800.343273; 0.0015631705; 44.152664; 0.0092863164;
18; 170; 2.5942; -340.833769; -0.715639; 794.853838; 0.0015524489; 44.074850; 0.0092781298;
18; 171; 2.6043; -340.833673; -0.715182; 787.486004; 0.0015380586; 44.052987; 0.0092758283;
18; 172; 2.6143; -340.833577; -0.714723; 780.626870; 0.0015246619; 44.015425; 0.0092718729;
18; 173; 2.6243; -340.833483; -0.714263; 773.953092; 0.0015116271; 43.970458; 0.0092671355;
18; 174; 2.6343; -340.833408; -0.713906; 768.436064; 0.0015008517; 43.877866; 0.0092573731;
18; 175; 2.6444; -340.833316; -0.713413; 761.492774; 0.0014872906; 43.845566; 0.0092539651;
18; 176; 2.6544; -340.833223; -0.712923; 755.094142; 0.0014747932; 43.798859; 0.0092490349;
18; 177; 2.6644; -340.833133; -0.712437; 748.904037; 0.0014627032; 43.746200; 0.0092434732;
18; 178; 2.6744; -340.833062; -0.712058; 743.630534; 0.0014524034; 43.648426; 0.0092331378;
18; 179; 2.6845; -340.832973; -0.711543; 737.332944; 0.0014401034; 43.611005; 0.0092291790;
18; 180; 2.6945; -340.832884; -0.711037; 731.520851; 0.0014287517; 43.561539; 0.0092239434;
18; 181; 2.7045; -340.832812; -0.710627; 726.424204; 0.0014187973; 43.471970; 0.0092144556;
18; 182; 2.7145; -340.832725; -0.710103; 720.643936; 0.0014075077; 43.434288; 0.0092104611;
18; 183; 2.7246; -340.832638; -0.709590; 715.316716; 0.0013971030; 43.386588; 0.0092054022;
18; 184; 2.7346; -340.832568; -0.709170; 710.496774; 0.0013876890; 43.303666; 0.0091966011;
18; 185; 2.7446; -340.832484; -0.708645; 705.267224; 0.0013774750; 43.268420; 0.0091928577;
18; 186; 2.7546; -340.832399; -0.708130; 700.409373; 0.0013679871; 43.224865; 0.0091882296;
18; 187; 2.7647; -340.832331; -0.707706; 695.956583; 0.0013592902; 43.150665; 0.0091803400;
18; 188; 2.7747; -340.832249; -0.707182; 691.228598; 0.0013500559; 43.119711; 0.0091770466;
18; 189; 2.7847; -340.832166; -0.706669; 686.833524; 0.0013414717; 43.081871; 0.0091730191;
18; 190; 2.7947; -340.832102; -0.705570; 745.686491; 0.0014564189; 43.213370; 0.0091870078;
18; 191; 2.8048; -340.832022; -0.705725; 678.465717; 0.0013251284; 42.992289; 0.0091634772;
18; 192; 2.8148; -340.831941; -0.705217; 674.519427; 0.0013174208; 42.961027; 0.0091601450;
18; 193; 2.8248; -340.831879; -0.704789; 670.719735; 0.0013099995; 42.908039; 0.0091544942;
18; 194; 2.8348; -340.831801; -0.704277; 666.928580; 0.0013025949; 42.888450; 0.0091524042;
18; 195; 2.8449; -340.831722; -0.703777; 663.390613; 0.0012956848; 42.864028; 0.0091497980;
18; 196; 2.8549; -340.831662; -0.703350; 659.915408; 0.0012888973; 42.822019; 0.0091453133;
18; 197; 2.8649; -340.831586; -0.702848; 656.517634; 0.0012822610; 42.808307; 0.0091438490;
18; 198; 2.8749; -340.831510; -0.702354; 653.333465; 0.0012760419; 42.790543; 0.0091419517;
18; 199; 2.8850; -340.831452; -0.701930; 650.200252; 0.0012699224; 42.758925; 0.0091385735;
18; 200; 2.8950; -340.831379; -0.701439; 647.154782; 0.0012639742; 42.750750; 0.0091376998;
18; 201; 2.9050; -340.831304; -0.700955; 644.309592; 0.0012584172; 42.739070; 0.0091364515;
18; 202; 2.9150; -340.831249; -0.700534; 641.406603; 0.0012527473; 42.716759; 0.0091340664;
18; 203; 2.9251; -340.831177; -0.700053; 638.651799; 0.0012473668; 42.713344; 0.0091337013;
18; 204; 2.9351; -340.831105; -0.699580; 636.052545; 0.0012422901; 42.706802; 0.0091330018;
18; 205; 2.9451; -340.831052; -0.699163; 633.350959; 0.0012370136; 42.692188; 0.0091314391;
18; 206; 2.9551; -340.830982; -0.698695; 630.843689; 0.0012321166; 42.692396; 0.0091314613;
18; 207; 2.9652; -340.830912; -0.698233; 628.474649; 0.0012274895; 42.689605; 0.0091311628;
18; 208; 2.9752; -340.830861; -0.697820; 625.961544; 0.0012225811; 42.680396; 0.0091301779;
18; 209; 2.9852; -340.830793; -0.697364; 623.671217; 0.0012181078; 42.682527; 0.0091304058;
18; 210; 2.9952; -340.830725; -0.696913; 621.518506; 0.0012139033; 42.681482; 0.0091302940;
18; 211; 3.0053; -340.830676; -0.696506; 619.188076; 0.0012093517; 42.674286; 0.0091295243;
18; 212; 3.0153; -340.830610; -0.696062; 617.109140; 0.0012052913; 42.675868; 0.0091296936;
18; 213; 3.0253; -340.830543; -0.695622; 615.136380; 0.0012014382; 42.673645; 0.0091294558;
18; 214; 3.0353; -340.830497; -0.695221; 612.972920; 0.0011972127; 42.663757; 0.0091283980;
18; 215; 3.0454; -340.830433; -0.694789; 611.071295; 0.0011934986; 42.661484; 0.0091281548;
18; 216; 3.0554; -340.830368; -0.694361; 609.277367; 0.0011899949; 42.654454; 0.0091274028;
18; 217; 3.0654; -340.830323; -0.693965; 607.265771; 0.0011860660; 42.636450; 0.0091254763;
18; 218; 3.0754; -340.830261; -0.693545; 605.513810; 0.0011826442; 42.627142; 0.0091244801;
18; 219; 3.0855; -340.830198; -0.693128; 603.859197; 0.0011794125; 42.612270; 0.0091228882;
18; 220; 3.0955; -340.830156; -0.692737; 601.974365; 0.0011757312; 42.582466; 0.0091196973;
18; 221; 3.1055; -340.830096; -0.692330; 600.353045; 0.0011725645; 42.564825; 0.0091178080;
18; 222; 3.1155; -340.830034; -0.691923; 598.842882; 0.0011696150; 42.541459; 0.0091153051;
18; 223; 3.1256; -340.829994; -0.691537; 597.103502; 0.0011662178; 42.500503; 0.0091109163;
18; 224; 3.1356; -340.829936; -0.691141; 595.627095; 0.0011633342; 42.476040; 0.0091082937;
18; 225; 3.1456; -340.829876; -0.690745; 594.241842; 0.0011606286; 42.446498; 0.0091051259;
18; 226; 3.1556; -340.829838; -0.690364; 592.614781; 0.0011574507; 42.399116; 0.0091000425;
18; 227; 3.1657; -340.829781; -0.689980; 591.256698; 0.0011547982; 42.370990; 0.0090970237;
18; 228; 3.1757; -340.829724; -0.689594; 589.986157; 0.0011523167; 42.338883; 0.0090935763;
18; 229; 3.1857; -340.829687; -0.689219; 588.487997; 0.0011493906; 42.290685; 0.0090883989;
18; 230; 3.1957; -340.829633; -0.688844; 587.256136; 0.0011469846; 42.261530; 0.0090852656;
18; 231; 3.2058; -340.829577; -0.688469; 586.122853; 0.0011447712; 42.229416; 0.0090818131;
18; 232; 3.2158; -340.829542; -0.688099; 584.766025; 0.0011421211; 42.183943; 0.0090769220;
18; 233; 3.2258; -340.829489; -0.687735; 583.656964; 0.0011399550; 42.154644; 0.0090737693;
18; 234; 3.2358; -340.829435; -0.687369; 582.652911; 0.0011379940; 42.123197; 0.0090703842;
18; 235; 3.2459; -340.829403; -0.687004; 581.437252; 0.0011356196; 42.080813; 0.0090658197;
18; 236; 3.2559; -340.829351; -0.686651; 580.467840; 0.0011337262; 42.050864; 0.0090625931;
18; 237; 3.2659; -340.829299; -0.686295; 579.640263; 0.0011321099; 42.019369; 0.0090591987;
18; 238; 3.2759; -340.829268; -0.685935; 578.628946; 0.0011301347; 41.978309; 0.0090547714;
18; 239; 3.2860; -340.829219; -0.685593; 577.830916; 0.0011285760; 41.946871; 0.0090513802;
18; 240; 3.2960; -340.829168; -0.685246; 577.198536; 0.0011273409; 41.914404; 0.0090478766;
18; 241; 3.3060; -340.829139; -0.684892; 576.390881; 0.0011257634; 41.872518; 0.0090433546;
18; 242; 3.3160; -340.829091; -0.684559; 575.764009; 0.0011245391; 41.839524; 0.0090397910;
18; 243; 3.3261; -340.829042; -0.684222; 575.323914; 0.0011236795; 41.805865; 0.0090361540;
18; 244; 3.3361; -340.829014; -0.683874; 574.725152; 0.0011225101; 41.762230; 0.0090314370;
18; 245; 3.3461; -340.828968; -0.683550; 574.271826; 0.0011216247; 41.728704; 0.0090278112;
18; 246; 3.3561; -340.828921; -0.683221; 574.045181; 0.0011211820; 41.694720; 0.0090241343;
18; 247; 3.3662; -340.828895; -0.682877; 573.681482; 0.0011204716; 41.649795; 0.0090192713;
18; 248; 3.3762; -340.828850; -0.682563; 573.415943; 0.0011199530; 41.617364; 0.0090157592;
18; 249; 3.3862; -340.828804; -0.682243; 573.425418; 0.0011199715; 41.584379; 0.0090121857;
18; 250; 3.3962; -340.828780; -0.681906; 573.323681; 0.0011197728; 41.539585; 0.0090073304;
18; 251; 3.4063; -340.828736; -0.681599; 573.293932; 0.0011197147; 41.509805; 0.0090041012;
18; 252; 3.4163; -340.828692; -0.681287; 573.589168; 0.0011202913; 41.479125; 0.0090007731;
18; 253; 3.4263; -340.828669; -0.680954; 573.838623; 0.0011207786; 41.436137; 0.0089961077;
18; 254; 3.4363; -340.828627; -0.680655; 574.085785; 0.0011212613; 41.409882; 0.0089932572;
18; 255; 3.4464; -340.828598; -0.680332; 574.683575; 0.0011224289; 41.371383; 0.0089890757;
18; 256; 3.4564; -340.828557; -0.680038; 575.222790; 0.0011234820; 41.347996; 0.0089865347;
18; 257; 3.4664; -340.828529; -0.679718; 576.225321; 0.0011254401; 41.312184; 0.0089826421;
18; 258; 3.4764; -340.828489; -0.679429; 577.088668; 0.0011271263; 41.291304; 0.0089803718;
18; 259; 3.4865; -340.828461; -0.679113; 578.537034; 0.0011299551; 41.257627; 0.0089767089;
18; 260; 3.4965; -340.828422; -0.678829; 579.774366; 0.0011323718; 41.239199; 0.0089747040;
18; 261; 3.5065; -340.828395; -0.678516; 581.771976; 0.0011362734; 41.207630; 0.0089712681;
18; 262; 3.5165; -340.828357; -0.678237; 583.522324; 0.0011396920; 41.191549; 0.0089695175;
18; 263; 3.5266; -340.828331; -0.677928; 586.247036; 0.0011450137; 41.162025; 0.0089663025;
18; 264; 3.5366; -340.828294; -0.677654; 588.682378; 0.0011497703; 41.148171; 0.0089647935;
18; 265; 3.5466; -340.828269; -0.677349; 592.421177; 0.0011570726; 41.120493; 0.0089617778;
18; 266; 3.5566; -340.828233; -0.677080; 595.839299; 0.0011637486; 41.108745; 0.0089604976;
18; 267; 3.5667; -340.828209; -0.676778; 601.126131; 0.0011740745; 41.082686; 0.0089576571;
18; 268; 3.5767; -340.828173; -0.676515; 606.007979; 0.0011836093; 41.072863; 0.0089565861;
18; 269; 3.5867; -340.828150; -0.676219; 613.624184; 0.0011984847; 41.048123; 0.0089538883;
18; 270; 3.5967; -340.828115; -0.675962; 621.018866; 0.0012129275; 41.039962; 0.0089529982;
18; 271; 3.6068; -340.828093; -0.675671; 632.843349; 0.0012360222; 41.015978; 0.0089503817;
18; 272; 3.6168; -340.828059; -0.675421; 645.067252; 0.0012598970; 41.009092; 0.0089496304;
18; 273; 3.6268; -340.828037; -0.675139; 664.609184; 0.0012980648; 40.984937; 0.0089469942;
18; 274; 3.6368; -340.828004; -0.674899; 685.065590; 0.0013380187; 40.978373; 0.0089462777;
18; 275; 3.6469; -340.827983; -0.674631; 717.961061; 0.0014022677; 40.951884; 0.0089433858;
18; 276; 3.6569; -340.827950; -0.674409; 753.421318; 0.0014715260; 40.942700; 0.0089423828;
18; 277; 3.6669; -340.827930; -0.674175; 808.111659; 0.0015783431; 40.907108; 0.0089384952;
18; 278; 3.6769; -340.827898; -0.673999; 859.426006; 0.0016785664; 40.885996; 0.0089361883;
18; 279; 3.6870; -340.827878; -0.673042; 896.078414; 0.0017501532; 40.838493; 0.0089309956;
18; 280; 3.6970; -340.827847; -0.672910; 845.735964; 0.0016518281; 40.853799; 0.0089326690;
18; 281; 3.7070; -340.827828; -0.672707; 778.782172; 0.0015210589; 40.843642; 0.0089315586;
18; 282; 3.7170; -340.827797; -0.672514; 730.278630; 0.0014263255; 40.849401; 0.0089321883;
18; 283; 3.7271; -340.827779; -0.672267; 685.946455; 0.0013397392; 40.822738; 0.0089292727;
18; 284; 3.7371; -340.827749; -0.672052; 657.162874; 0.0012835212; 40.819920; 0.0089289645;
18; 285; 3.7471; -340.827732; -0.671791; 631.398145; 0.0012331995; 40.780952; 0.0089247014;
18; 286; 3.7571; -340.827702; -0.671571; 614.047200; 0.0011993109; 40.771326; 0.0089236481;
18; 287; 3.7672; -340.827685; -0.671305; 598.028723; 0.0011680248; 40.720329; 0.0089180655;
18; 288; 3.7772; -340.827656; -0.671084; 586.750944; 0.0011459979; 40.703425; 0.0089162143;
18; 289; 3.7872; -340.827640; -0.670817; 575.970810; 0.0011249430; 40.640141; 0.0089092803;
18; 290; 3.7972; -340.827611; -0.670598; 568.116128; 0.0011096018; 40.615447; 0.0089065731;
18; 291; 3.8073; -340.827596; -0.670332; 560.437806; 0.0010946051; 40.540829; 0.0088983879;
18; 292; 3.8173; -340.827568; -0.670114; 554.671260; 0.0010833423; 40.508909; 0.0088948841;
18; 293; 3.8273; -340.827553; -0.669849; 548.927282; 0.0010721236; 40.425831; 0.0088857583;
18; 294; 3.8373; -340.827526; -0.669633; 544.538742; 0.0010635522; 40.388460; 0.0088816502;
18; 295; 3.8474; -340.827511; -0.669370; 540.064844; 0.0010548141; 40.300962; 0.0088720243;
18; 296; 3.8574; -340.827484; -0.669157; 536.574066; 0.0010479962; 40.260609; 0.0088675815;
18; 297; 3.8674; -340.827470; -0.668896; 532.963330; 0.0010409440; 40.173060; 0.0088579348;
18; 298; 3.8774; -340.827444; -0.668685; 530.136490; 0.0010354228; 40.132370; 0.0088534477;
18; 299; 3.8875; -340.827431; -0.668425; 527.159779; 0.0010296089; 40.048363; 0.0088441766;
18; 300; 3.8975; -340.827405; -0.668216; 524.822374; 0.0010250437; 40.009587; 0.0088398940;
18; 301; 3.9075; -340.827392; -0.667959; 522.326458; 0.0010201689; 39.932123; 0.0088313322;
18; 302; 3.9175; -340.827367; -0.667753; 520.352150; 0.0010163128; 39.896788; 0.0088274240;
18; 303; 3.9276; -340.827354; -0.667499; 518.217955; 0.0010121444; 39.827411; 0.0088197456;
18; 304; 3.9376; -340.827330; -0.667295; 516.518084; 0.0010088244; 39.796595; 0.0088163329;
18; 305; 3.9476; -340.827318; -0.667042; 514.649999; 0.0010051758; 39.736257; 0.0088096468;
18; 306; 3.9576; -340.827294; -0.666841; 513.170569; 0.0010022863; 39.710514; 0.0088067926;
18; 307; 3.9677; -340.827282; -0.666590; 511.515749; 0.0009990542; 39.659473; 0.0088011311;
18; 308; 3.9777; -340.827258; -0.666392; 510.210809; 0.0009965055; 39.639061; 0.0087988659;
18; 309; 3.9877; -340.827247; -0.666144; 508.756534; 0.0009936651; 39.597234; 0.0087942224;
18; 310; 3.9977; -340.827224; -0.665948; 507.622245; 0.0009914497; 39.582170; 0.0087925494;
18; 311; 4.0078; -340.827213; -0.665702; 506.320819; 0.0009889078; 39.549255; 0.0087888929;
18; 312; 4.0178; -340.827190; -0.665509; 505.318559; 0.0009869503; 39.539382; 0.0087877958;
18; 313; 4.0278; -340.827180; -0.665266; 504.155409; 0.0009846785; 39.514834; 0.0087850674;
18; 314; 4.0378; -340.827157; -0.665075; 503.251526; 0.0009829131; 39.509867; 0.0087845153;
18; 315; 4.0479; -340.827147; -0.664834; 502.185973; 0.0009808320; 39.493024; 0.0087826426;
18; 316; 4.0579; -340.827125; -0.664645; 501.366170; 0.0009792308; 39.492606; 0.0087825962;
18; 317; 4.0679; -340.827115; -0.664406; 500.381598; 0.0009773078; 39.482672; 0.0087814916;
18; 318; 4.0779; -340.827093; -0.664220; 499.631894; 0.0009758435; 39.486373; 0.0087819032;
18; 319; 4.0880; -340.827084; -0.663983; 498.713903; 0.0009740506; 39.482536; 0.0087814764;
18; 320; 4.0980; -340.827062; -0.663799; 498.020737; 0.0009726968; 39.489880; 0.0087822931;
18; 321; 4.1080; -340.827053; -0.663563; 497.160122; 0.0009710159; 39.491289; 0.0087824498;
18; 322; 4.1180; -340.827032; -0.663381; 496.522658; 0.0009697708; 39.501789; 0.0087836173;
18; 323; 4.1281; -340.827023; -0.663148; 495.706723; 0.0009681772; 39.507562; 0.0087842590;
18; 324; 4.1381; -340.827002; -0.662968; 495.110056; 0.0009670118; 39.520684; 0.0087857177;
18; 325; 4.1481; -340.826994; -0.662736; 494.338630; 0.0009655051; 39.529985; 0.0087867515;
18; 326; 4.1581; -340.826973; -0.662559; 493.802322; 0.0009644577; 39.545151; 0.0087884369;
18; 327; 4.1682; -340.826965; -0.662329; 493.110726; 0.0009631069; 39.557103; 0.0087897649;
18; 328; 4.1782; -340.826945; -0.662153; 492.618510; 0.0009621455; 39.573729; 0.0087916118;
18; 329; 4.1882; -340.826937; -0.661925; 491.957892; 0.0009608553; 39.587434; 0.0087931341;
18; 330; 4.1982; -340.826917; -0.661751; 491.500837; 0.0009599626; 39.604863; 0.0087950695;
18; 331; 4.2083; -340.826910; -0.661525; 490.871258; 0.0009587329; 39.619414; 0.0087966851;
18; 332; 4.2183; -340.826890; -0.661353; 490.445321; 0.0009579010; 39.636903; 0.0087986264;
18; 333; 4.2283; -340.826883; -0.661128; 489.846238; 0.0009567309; 39.651366; 0.0088002315;
18; 334; 4.2383; -340.826864; -0.660958; 489.449851; 0.0009559567; 39.668126; 0.0088020911;
18; 335; 4.2484; -340.826857; -0.660736; 488.867985; 0.0009548203; 39.681529; 0.0088035781;
18; 336; 4.2584; -340.826838; -0.660567; 488.490092; 0.0009540822; 39.696670; 0.0088052575;
18; 337; 4.2684; -340.826831; -0.660346; 487.925634; 0.0009529798; 39.708025; 0.0088065167;
18; 338; 4.2784; -340.826813; -0.660179; 487.570264; 0.0009522857; 39.720538; 0.0088079042;
18; 339; 4.2885; -340.826807; -0.659960; 487.022028; 0.0009512149; 39.728706; 0.0088088098;
18; 340; 4.2985; -340.826788; -0.659795; 486.680520; 0.0009505479; 39.737467; 0.0088097809;
18; 341; 4.3085; -340.826782; -0.659578; 486.156848; 0.0009495251; 39.741090; 0.0088101825;
18; 342; 4.3185; -340.826764; -0.659333; 690.733066; 0.0013490880; 39.232994; 0.0087536815;
18; 343; 4.3286; -340.826759; -0.659199; 485.315246; 0.0009478813; 39.742131; 0.0088102979;
18; 344; 4.3386; -340.826741; -0.659038; 484.953280; 0.0009471744; 39.739246; 0.0088099781;
18; 345; 4.3486; -340.826736; -0.658824; 484.404575; 0.0009461027; 39.728243; 0.0088087585;
18; 346; 4.3586; -340.826718; -0.658665; 484.086228; 0.0009454809; 39.717266; 0.0088075413;
18; 347; 4.3687; -340.826713; -0.658453; 483.541452; 0.0009444169; 39.695532; 0.0088051312;
18; 348; 4.3787; -340.826695; -0.658295; 483.224324; 0.0009437975; 39.675166; 0.0088028721;
18; 349; 4.3887; -340.826691; -0.658086; 482.676714; 0.0009427280; 39.640565; 0.0087990328;
18; 350; 4.3987; -340.826673; -0.657930; 482.362028; 0.0009421133; 39.610190; 0.0087956610;
18; 351; 4.4088; -340.826669; -0.657721; 481.809374; 0.0009410339; 39.561407; 0.0087902431;
18; 352; 4.4188; -340.826652; -0.657567; 481.494441; 0.0009404188; 39.521317; 0.0087857881;
18; 353; 4.4288; -340.826647; -0.657360; 480.945610; 0.0009393469; 39.458478; 0.0087788006;
18; 354; 4.4388; -340.826630; -0.657208; 480.650987; 0.0009387715; 39.410115; 0.0087734190;
18; 355; 4.4489; -340.826626; -0.657002; 480.103688; 0.0009377025; 39.334719; 0.0087650227;
18; 356; 4.4589; -340.826609; -0.656851; 479.806896; 0.0009371228; 39.280272; 0.0087589543;
18; 357; 4.4689; -340.826605; -0.656648; 479.253834; 0.0009360426; 39.195122; 0.0087494555;
18; 358; 4.4789; -340.826588; -0.656498; 478.956690; 0.0009354623; 39.137098; 0.0087429768;
18; 359; 4.4890; -340.826585; -0.656296; 478.396920; 0.0009343690; 39.045578; 0.0087327484;
18; 360; 4.4990; -340.826568; -0.656148; 478.097702; 0.0009337846; 38.986343; 0.0087261218;
18; 361; 4.5090; -340.826564; -0.655947; 477.531973; 0.0009326796; 38.891737; 0.0087155277;
18; 362; 4.5190; -340.826548; -0.655800; 477.231792; 0.0009320933; 38.833234; 0.0087089701;
18; 363; 4.5291; -340.826545; -0.655601; 476.659929; 0.0009309764; 38.738406; 0.0086983303;
18; 364; 4.5391; -340.826529; -0.655455; 476.359984; 0.0009303906; 38.682039; 0.0086919996;
18; 365; 4.5491; -340.826525; -0.655257; 475.785328; 0.0009292682; 38.589189; 0.0086815615;
18; 366; 4.5591; -340.826509; -0.655113; 475.484780; 0.0009286812; 38.535906; 0.0086755658;
18; 367; 4.5692; -340.826506; -0.654917; 474.907448; 0.0009275536; 38.446655; 0.0086655135;
18; 368; 4.5792; -340.826491; -0.654774; 474.608257; 0.0009269693; 38.397069; 0.0086599236;
18; 369; 4.5892; -340.826488; -0.654579; 474.028800; 0.0009258375; 38.312624; 0.0086503956;
18; 370; 4.5992; -340.826472; -0.654438; 473.731928; 0.0009252577; 38.267096; 0.0086452543;
18; 371; 4.6093; -340.826469; -0.654244; 473.158607; 0.0009241379; 38.188280; 0.0086363467;
18; 372; 4.6193; -340.826454; -0.654104; 472.880592; 0.0009235949; 38.147059; 0.0086316844;
18; 373; 4.6293; -340.826451; -0.653912; 472.325906; 0.0009225115; 38.074421; 0.0086234624;
18; 374; 4.6393; -340.826436; -0.653773; 472.050802; 0.0009219742; 38.037599; 0.0086192915;
18; 375; 4.6494; -340.826434; -0.653583; 471.497631; 0.0009208938; 37.971490; 0.0086117981;
18; 376; 4.6594; -340.826419; -0.653445; 471.223573; 0.0009203585; 37.939051; 0.0086081188;
18; 377; 4.6694; -340.826417; -0.653256; 470.671920; 0.0009192811; 37.879648; 0.0086013771;
18; 378; 4.6794; -340.826402; -0.653119; 470.401100; 0.0009187521; 37.851531; 0.0085981842;
18; 379; 4.6895; -340.826400; -0.652932; 469.852791; 0.0009176812; 37.798871; 0.0085922012;
18; 380; 4.6995; -340.826385; -0.652796; 469.583187; 0.0009171547; 37.774959; 0.0085894830;
18; 381; 4.7095; -340.826383; -0.652609; 469.055186; 0.0009161234; 37.728984; 0.0085842543;
18; 382; 4.7195; -340.826369; -0.652475; 468.801298; 0.0009156275; 37.709145; 0.0085819971;
18; 383; 4.7296; -340.826367; -0.652290; 468.297828; 0.0009146442; 37.669718; 0.0085775095;
18; 384; 4.7396; -340.826353; -0.652157; 468.046607; 0.0009141535; 37.653792; 0.0085756960;
18; 385; 4.7496; -340.826351; -0.651974; 467.546734; 0.0009131772; 37.620759; 0.0085719336;
18; 386; 4.7596; -340.826337; -0.651842; 467.307314; 0.0009127096; 37.608588; 0.0085705469;
18; 387; 4.7697; -340.826336; -0.651659; 466.850001; 0.0009118164; 37.581726; 0.0085674856;
18; 388; 4.7797; -340.826322; -0.651529; 466.642277; 0.0009114107; 37.573125; 0.0085665051;
18; 389; 4.7897; -340.826320; -0.651348; 466.210167; 0.0009105667; 37.552201; 0.0085641194;
18; 390; 4.7997; -340.826306; -0.651219; 466.001389; 0.0009101590; 37.546968; 0.0085635228;
18; 391; 4.8098; -340.826305; -0.651039; 465.609681; 0.0009093939; 37.531696; 0.0085617810;
18; 392; 4.8198; -340.826291; -0.650911; 465.431847; 0.0009090466; 37.529638; 0.0085615462;
18; 393; 4.8298; -340.826290; -0.650732; 465.052707; 0.0009083061; 37.519662; 0.0085604082;
18; 394; 4.8398; -340.826277; -0.650606; 464.890695; 0.0009079896; 37.520527; 0.0085605069;
18; 395; 4.8499; -340.826276; -0.650429; 464.524912; 0.0009072752; 37.515468; 0.0085599298;
18; 396; 4.8599; -340.826262; -0.650303; 464.363960; 0.0009069609; 37.519006; 0.0085603334;
18; 397; 4.8699; -340.826261; -0.650127; 463.996324; 0.0009062428; 37.518396; 0.0085602639;
18; 398; 4.8799; -340.826248; -0.650002; 463.835562; 0.0009059288; 37.524293; 0.0085609366;
18; 399; 4.8900; -340.826247; -0.649827; 463.471282; 0.0009052173; 37.527633; 0.0085613176;
18; 400; 4.9000; -340.826234; -0.649704; 463.309021; 0.0009049004; 37.535563; 0.0085622221;
