10; 1; 0.9000; -340.398846; -1.190603; 518.252016; 0.0010122110; 48.188192; 0.0097014206;
10; 2; 0.9100; -340.432213; -1.192100; 520.109315; 0.0010158385; 48.207948; 0.0097034092;
10; 3; 0.9201; -340.463584; -1.192754; 521.881933; 0.0010193007; 48.169506; 0.0096995395;
10; 4; 0.9301; -340.493077; -1.194286; 523.718307; 0.0010228873; 48.135893; 0.0096961547;
10; 5; 0.9401; -340.520810; -1.194572; 525.944776; 0.0010272359; 48.119049; 0.0096944581;
10; 6; 0.9501; -340.546853; -1.194813; 528.237492; 0.0010317139; 48.075091; 0.0096900290;
10; 7; 0.9602; -340.571317; -1.195536; 530.734626; 0.0010365911; 48.049368; 0.0096874363;
10; 8; 0.9702; -340.594278; -1.195943; 533.208998; 0.0010414238; 48.007110; 0.0096831754;
10; 9; 0.9802; -340.615820; -1.195420; 536.007705; 0.0010468900; 47.923566; 0.0096747462;
10; 10; 0.9902; -340.636025; -1.195719; 538.864535; 0.0010524698; 47.898211; 0.0096721866;
10; 11; 1.0003; -340.654960; -1.194899; 542.040072; 0.0010586720; 47.852487; 0.0096675689;
10; 12; 1.0103; -340.672697; -1.194860; 545.153505; 0.0010647529; 47.825356; 0.0096648279;
10; 13; 1.0203; -340.689301; -1.193726; 548.367466; 0.0010710302; 47.748307; 0.0096570395;
10; 14; 1.0303; -340.704840; -1.193161; 551.821568; 0.0010777765; 47.733086; 0.0096555002;
10; 15; 1.0404; -340.719361; -1.191839; 555.452258; 0.0010848677; 47.694862; 0.0096516334;
10; 16; 1.0504; -340.732927; -1.190605; 559.141607; 0.0010920735; 47.665144; 0.0096486261;
10; 17; 1.0604; -340.745589; -1.189274; 563.035180; 0.0010996781; 47.645686; 0.0096466565;
10; 18; 1.0704; -340.757405; -1.188149; 567.145055; 0.0011077052; 47.641829; 0.0096462660;
10; 19; 1.0805; -340.768407; -1.186347; 571.261833; 0.0011157458; 47.619559; 0.0096440112;
10; 20; 1.0905; -340.778647; -1.184567; 575.658487; 0.0011243330; 47.614699; 0.0096435191;
10; 21; 1.1005; -340.788168; -1.182707; 580.200809; 0.0011332047; 47.608282; 0.0096428692;
10; 22; 1.1105; -340.797016; -1.181056; 584.998503; 0.0011425752; 47.620413; 0.0096440977;
10; 23; 1.1206; -340.805216; -1.178798; 589.946964; 0.0011522402; 47.619125; 0.0096439672;
10; 24; 1.1306; -340.812810; -1.176589; 595.034322; 0.0011621764; 47.617037; 0.0096437557;
10; 25; 1.1406; -340.819832; -1.174323; 600.343093; 0.0011725451; 47.621949; 0.0096442532;
10; 26; 1.1506; -340.826316; -1.171998; 605.799569; 0.0011832023; 47.621185; 0.0096441758;
10; 27; 1.1607; -340.832297; -1.169857; 611.489672; 0.0011943158; 47.629624; 0.0096450303;
10; 28; 1.1707; -340.837791; -1.167239; 617.205134; 0.0012054788; 47.618122; 0.0096438656;
10; 29; 1.1807; -340.842833; -1.164678; 623.118294; 0.0012170279; 47.602028; 0.0096422358;
10; 30; 1.1907; -340.847450; -1.162115; 629.192026; 0.0012288907; 47.582071; 0.0096402143;
10; 31; 1.2008; -340.851665; -1.159512; 635.509365; 0.0012412292; 47.554003; 0.0096373706;
10; 32; 1.2108; -340.855503; -1.156886; 641.977569; 0.0012538624; 47.519414; 0.0096338650;
10; 33; 1.2208; -340.858986; -1.154255; 648.542160; 0.0012666839; 47.478128; 0.0096296791;
10; 34; 1.2308; -340.862135; -1.151595; 655.297381; 0.0012798777; 47.431875; 0.0096249874;
10; 35; 1.2409; -340.864969; -1.148936; 662.177711; 0.0012933158; 47.382115; 0.0096199372;
10; 36; 1.2509; -340.867508; -1.146252; 669.274008; 0.0013071758; 47.330722; 0.0096147188;
10; 37; 1.2609; -340.869771; -1.143624; 676.354968; 0.0013210058; 47.279217; 0.0096094860;
10; 38; 1.2709; -340.871774; -1.140994; 683.597719; 0.0013351518; 47.229141; 0.0096043957;
10; 39; 1.2810; -340.873534; -1.138371; 690.997337; 0.0013496042; 47.181689; 0.0095995696;
10; 40; 1.2910; -340.875066; -1.135790; 698.425610; 0.0013641125; 47.137790; 0.0095951027;
10; 41; 1.3010; -340.876385; -1.133236; 705.951567; 0.0013788117; 47.098171; 0.0095910695;
10; 42; 1.3110; -340.877506; -1.130726; 713.497640; 0.0013935501; 47.063332; 0.0095875216;
10; 43; 1.3211; -340.878441; -1.128246; 721.115371; 0.0014084285; 47.033582; 0.0095844909;
10; 44; 1.3311; -340.879204; -1.125824; 728.704365; 0.0014232507; 47.009112; 0.0095819973;
10; 45; 1.3411; -340.879807; -1.123457; 736.284046; 0.0014380548; 46.989928; 0.0095800419;
10; 46; 1.3511; -340.880261; -1.121151; 743.786346; 0.0014527077; 46.975867; 0.0095786085;
10; 47; 1.3612; -340.880576; -1.118900; 751.208718; 0.0014672045; 46.966550; 0.0095776585;
10; 48; 1.3712; -340.880765; -1.116718; 758.513854; 0.0014814724; 46.961589; 0.0095771527;
10; 49; 1.3812; -340.880835; -1.114609; 765.656960; 0.0014954237; 46.960356; 0.0095770270;
10; 50; 1.3912; -340.880797; -1.112566; 772.637098; 0.0015090568; 46.962077; 0.0095772025;
10; 51; 1.4013; -340.880660; -1.110596; 779.414129; 0.0015222932; 46.965878; 0.0095775900;
10; 52; 1.4113; -340.880431; -1.108705; 785.951027; 0.0015350606; 46.970592; 0.0095780706;
10; 53; 1.4213; -340.880119; -1.106890; 792.206172; 0.0015472777; 46.974870; 0.0095785068;
10; 54; 1.4313; -340.879731; -1.105157; 798.124154; 0.0015588362; 46.977116; 0.0095787358;
10; 55; 1.4414; -340.879275; -1.103501; 803.715732; 0.0015697573; 46.975670; 0.0095785884;
10; 56; 1.4514; -340.878757; -1.101925; 808.955574; 0.0015799914; 46.968787; 0.0095778867;
10; 57; 1.4614; -340.878183; -1.100429; 813.813974; 0.0015894804; 46.955003; 0.0095764811;
10; 58; 1.4714; -340.877560; -1.099012; 818.284515; 0.0015982119; 46.933407; 0.0095742786;
10; 59; 1.4815; -340.876893; -1.097675; 822.361276; 0.0016061744; 46.903773; 0.0095712555;
10; 60; 1.4915; -340.876188; -1.096414; 826.044785; 0.0016133687; 46.866666; 0.0095674687;
10; 61; 1.5015; -340.875449; -1.095231; 829.349620; 0.0016198235; 46.823382; 0.0095630496;
10; 62; 1.5115; -340.874681; -1.094123; 832.272446; 0.0016255321; 46.775586; 0.0095581676;
10; 63; 1.5216; -340.873889; -1.093081; 834.827674; 0.0016305228; 46.725095; 0.0095530074;
10; 64; 1.5316; -340.873077; -1.092123; 837.012671; 0.0016347904; 46.673712; 0.0095477533;
10; 65; 1.5416; -340.872248; -1.091226; 838.869646; 0.0016384173; 46.622906; 0.0095425554;
10; 66; 1.5516; -340.871406; -1.090398; 840.411340; 0.0016414284; 46.573869; 0.0095375357;
10; 67; 1.5617; -340.870555; -1.089636; 841.651106; 0.0016438498; 46.527558; 0.0095327927;
10; 68; 1.5717; -340.869696; -1.088936; 842.609412; 0.0016457215; 46.484645; 0.0095283956;
10; 69; 1.5817; -340.868834; -1.088296; 843.298060; 0.0016470665; 46.445674; 0.0095244006;
10; 70; 1.5917; -340.867970; -1.087714; 843.746904; 0.0016479432; 46.411044; 0.0095208492;
10; 71; 1.6018; -340.867108; -1.087189; 843.968644; 0.0016483763; 46.381056; 0.0095177728;
10; 72; 1.6118; -340.866249; -1.086717; 843.994327; 0.0016484264; 46.355840; 0.0095151852;
10; 73; 1.6218; -340.865395; -1.086296; 843.790879; 0.0016480291; 46.335464; 0.0095130938;
10; 74; 1.6318; -340.864547; -1.085926; 843.495875; 0.0016474529; 46.319928; 0.0095114988;
10; 75; 1.6419; -340.863709; -1.085602; 843.006336; 0.0016464968; 46.309071; 0.0095103840;
10; 76; 1.6519; -340.862880; -1.085324; 842.388049; 0.0016452892; 46.302690; 0.0095097288;
10; 77; 1.6619; -340.862063; -1.085089; 841.634286; 0.0016438170; 46.300407; 0.0095094943;
10; 78; 1.6719; -340.861258; -1.084895; 840.773242; 0.0016421352; 46.301777; 0.0095096350;
10; 79; 1.6820; -340.860466; -1.084741; 839.808641; 0.0016402513; 46.306041; 0.0095100728;
10; 80; 1.6920; -340.859688; -1.084625; 838.751755; 0.0016381870; 46.312341; 0.0095107198;
10; 81; 1.7020; -340.858925; -1.084545; 837.607432; 0.0016359520; 46.319369; 0.0095114414;
10; 82; 1.7120; -340.858178; -1.084500; 836.390071; 0.0016335744; 46.325453; 0.0095120660;
10; 83; 1.7221; -340.857446; -1.084486; 835.126871; 0.0016311072; 46.328704; 0.0095123998;
10; 84; 1.7321; -340.856730; -1.084503; 833.803785; 0.0016285230; 46.327223; 0.0095122477;
10; 85; 1.7421; -340.856032; -1.084552; 832.425775; 0.0016258316; 46.319294; 0.0095114337;
10; 86; 1.7521; -340.855349; -1.084626; 831.006236; 0.0016230591; 46.303832; 0.0095098461;
10; 87; 1.7622; -340.854684; -1.084726; 829.561977; 0.0016202382; 46.280552; 0.0095074551;
10; 88; 1.7722; -340.854035; -1.084852; 828.078615; 0.0016173410; 46.250041; 0.0095043207;
10; 89; 1.7822; -340.853404; -1.085001; 826.570966; 0.0016143964; 46.213362; 0.0095005512;
10; 90; 1.7922; -340.852789; -1.085172; 825.063345; 0.0016114518; 46.171880; 0.0094962862;
10; 91; 1.8023; -340.852192; -1.085364; 823.537903; 0.0016084725; 46.126854; 0.0094916548;
10; 92; 1.8123; -340.851610; -1.085575; 822.004227; 0.0016054770; 46.079426; 0.0094867739;
10; 93; 1.8223; -340.851046; -1.085805; 820.481178; 0.0016025023; 46.030495; 0.0094817357;
10; 94; 1.8323; -340.850497; -1.086052; 818.953362; 0.0015995183; 45.980950; 0.0094766314;
10; 95; 1.8424; -340.849965; -1.086315; 817.422821; 0.0015965289; 45.931519; 0.0094715363;
10; 96; 1.8524; -340.849448; -1.086593; 815.912595; 0.0015935793; 45.883051; 0.0094665376;
10; 97; 1.8624; -340.848947; -1.086884; 814.406270; 0.0015906372; 45.836353; 0.0094617190;
10; 98; 1.8724; -340.848461; -1.087188; 812.911274; 0.0015877173; 45.792134; 0.0094571540;
10; 99; 1.8825; -340.847989; -1.087505; 811.422062; 0.0015848087; 45.751069; 0.0094529126;
10; 100; 1.8925; -340.847532; -1.087832; 809.939730; 0.0015819135; 45.713622; 0.0094490433;
10; 101; 1.9025; -340.847089; -1.088169; 808.462914; 0.0015790291; 45.680211; 0.0094455895;
10; 102; 1.9125; -340.846659; -1.088515; 806.984270; 0.0015761412; 45.651047; 0.0094425739;
10; 103; 1.9226; -340.846243; -1.088869; 805.523452; 0.0015732880; 45.626262; 0.0094400102;
10; 104; 1.9326; -340.845840; -1.089231; 804.091207; 0.0015704906; 45.605870; 0.0094379005;
10; 105; 1.9426; -340.845450; -1.089600; 802.658086; 0.0015676916; 45.589719; 0.0094362291;
10; 106; 1.9526; -340.845071; -1.089976; 801.249816; 0.0015649410; 45.577536; 0.0094349682;
10; 107; 1.9627; -340.844705; -1.090356; 799.848703; 0.0015622045; 45.568792; 0.0094340631;
10; 108; 1.9727; -340.844350; -1.090741; 798.456998; 0.0015594863; 45.562684; 0.0094334309;
10; 109; 1.9827; -340.844006; -1.091130; 797.075740; 0.0015567886; 45.558068; 0.0094329530;
10; 110; 1.9927; -340.843673; -1.091523; 795.707788; 0.0015541168; 45.553412; 0.0094324709;
10; 111; 2.0028; -340.843350; -1.091918; 794.342709; 0.0015514506; 45.546820; 0.0094317884;
10; 112; 2.0128; -340.843037; -1.092316; 793.001183; 0.0015488304; 45.536244; 0.0094306933;
10; 113; 2.0228; -340.842735; -1.092716; 791.654145; 0.0015461995; 45.519606; 0.0094289702;
10; 114; 2.0328; -340.842441; -1.093117; 790.322353; 0.0015435983; 45.495378; 0.0094264607;
10; 115; 2.0429; -340.842156; -1.093519; 789.004453; 0.0015410243; 45.462858; 0.0094230910;
10; 116; 2.0529; -340.841880; -1.093922; 787.694867; 0.0015384665; 45.422389; 0.0094188961;
10; 117; 2.0629; -340.841613; -1.094326; 786.409398; 0.0015359559; 45.375098; 0.0094139916;
10; 118; 2.0729; -340.841353; -1.094728; 785.129358; 0.0015334558; 45.322698; 0.0094085544;
10; 119; 2.0830; -340.841102; -1.095131; 783.854631; 0.0015309661; 45.267040; 0.0094027756;
10; 120; 2.0930; -340.840857; -1.095533; 782.594823; 0.0015285055; 45.209880; 0.0093968370;
10; 121; 2.1030; -340.840620; -1.095932; 781.372231; 0.0015261176; 45.152661; 0.0093908887;
10; 122; 2.1130; -340.840390; -1.096331; 780.174183; 0.0015237777; 45.096651; 0.0093850624;
10; 123; 2.1231; -340.840167; -1.096728; 778.991743; 0.0015214682; 45.042722; 0.0093794492;
10; 124; 2.1331; -340.839949; -1.097123; 777.815663; 0.0015191712; 44.991609; 0.0093741259;
10; 125; 2.1431; -340.839738; -1.097511; 776.665366; 0.0015169245; 44.943677; 0.0093691312;
10; 126; 2.1531; -340.839533; -1.097899; 775.544624; 0.0015147356; 44.899825; 0.0093645593;
10; 127; 2.1632; -340.839334; -1.098287; 774.435466; 0.0015125693; 44.860240; 0.0093604304;
10; 128; 2.1732; -340.839139; -1.098674; 773.355124; 0.0015104592; 44.825377; 0.0093567925;
10; 129; 2.1832; -340.838950; -1.099051; 772.309545; 0.0015084171; 44.795299; 0.0093536527;
10; 130; 2.1932; -340.838766; -1.099429; 771.277514; 0.0015064014; 44.770497; 0.0093510628;
10; 131; 2.2033; -340.838587; -1.099805; 770.254410; 0.0015044031; 44.751007; 0.0093490272;
10; 132; 2.2133; -340.838412; -1.100177; 769.234914; 0.0015024119; 44.736860; 0.0093475494;
10; 133; 2.2233; -340.838242; -1.100543; 768.232064; 0.0015004532; 44.727889; 0.0093466122;
10; 134; 2.2333; -340.838075; -1.100908; 767.255693; 0.0014985463; 44.724003; 0.0093462061;
10; 135; 2.2434; -340.837913; -1.101269; 766.276682; 0.0014966341; 44.724762; 0.0093462854;
10; 136; 2.2534; -340.837754; -1.101626; 765.317363; 0.0014947605; 44.729686; 0.0093467999;
10; 137; 2.2634; -340.837600; -1.101979; 764.354693; 0.0014928803; 44.737990; 0.0093476675;
10; 138; 2.2734; -340.837448; -1.102328; 763.400197; 0.0014910160; 44.748653; 0.0093487813;
10; 139; 2.2835; -340.837300; -1.102672; 762.448751; 0.0014891577; 44.760271; 0.0093499949;
10; 140; 2.2935; -340.837155; -1.103013; 761.508498; 0.0014873213; 44.771013; 0.0093511168;
10; 141; 2.3035; -340.837013; -1.103349; 760.578734; 0.0014855053; 44.778670; 0.0093519164;
10; 142; 2.3135; -340.836874; -1.103681; 759.647442; 0.0014836864; 44.781014; 0.0093521611;
10; 143; 2.3236; -340.836738; -1.104009; 758.722090; 0.0014818791; 44.775942; 0.0093516315;
10; 144; 2.3336; -340.836604; -1.104332; 757.798983; 0.0014800761; 44.761889; 0.0093501639;
10; 145; 2.3436; -340.836473; -1.104651; 756.896796; 0.0014783141; 44.738002; 0.0093476687;
10; 146; 2.3536; -340.836344; -1.104965; 756.005081; 0.0014765724; 44.704331; 0.0093441504;
10; 147; 2.3637; -340.836220; -1.105584; 754.768559; 0.0014741573; 44.669541; 0.0093405138;
10; 148; 2.3737; -340.836093; -1.106036; 753.729009; 0.0014721270; 44.622111; 0.0093355536;
10; 149; 2.3837; -340.835968; -1.106431; 752.767817; 0.0014702496; 44.567190; 0.0093298067;
10; 150; 2.3937; -340.835845; -1.106782; 751.843956; 0.0014684452; 44.508216; 0.0093236318;
10; 151; 2.4038; -340.835724; -1.107112; 750.943123; 0.0014666858; 44.447718; 0.0093172931;
10; 152; 2.4138; -340.835606; -1.107425; 750.058522; 0.0014649581; 44.387521; 0.0093109815;
10; 153; 2.4238; -340.835490; -1.107724; 749.208864; 0.0014632986; 44.328862; 0.0093048271;
10; 154; 2.4338; -340.835375; -1.108041; 748.384519; 0.0014616885; 44.274242; 0.0092990929;
10; 155; 2.4439; -340.835262; -1.108332; 747.590982; 0.0014601386; 44.222203; 0.0092936263;
10; 156; 2.4539; -340.835151; -1.108613; 746.805660; 0.0014586048; 44.173145; 0.0092884699;
10; 157; 2.4639; -340.835062; -1.108221; 746.697822; 0.0014583942; 44.113759; 0.0092822242;
10; 158; 2.4739; -340.834952; -1.108819; 745.533722; 0.0014561206; 44.075324; 0.0092781796;
10; 159; 2.4840; -340.834841; -1.109213; 744.614244; 0.0014543247; 44.037783; 0.0092742275;
10; 160; 2.4940; -340.834733; -1.109539; 743.770861; 0.0014526775; 44.002546; 0.0092705163;
10; 161; 2.5040; -340.834627; -1.109831; 742.982344; 0.0014511374; 43.969775; 0.0092670636;
10; 162; 2.5140; -340.834539; -1.109496; 742.872188; 0.0014509222; 43.920943; 0.0092619162;
10; 163; 2.5241; -340.834435; -1.110098; 741.746268; 0.0014487232; 43.899083; 0.0092596111;
10; 164; 2.5341; -340.834331; -1.110465; 740.886280; 0.0014470435; 43.876575; 0.0092572369;
10; 165; 2.5441; -340.834229; -1.110762; 740.114352; 0.0014455358; 43.855472; 0.0092550105;
10; 166; 2.5541; -340.834145; -1.110425; 739.999184; 0.0014453109; 43.810155; 0.0092502276;
10; 167; 2.5642; -340.834046; -1.111014; 738.894252; 0.0014431528; 43.802420; 0.0092494109;
10; 168; 2.5742; -340.833946; -1.111365; 738.051197; 0.0014415062; 43.792741; 0.0092483889;
10; 169; 2.5842; -340.833848; -1.111647; 737.301227; 0.0014400415; 43.784027; 0.0092474687;
10; 170; 2.5942; -340.833769; -1.111283; 737.197181; 0.0014398382; 43.744878; 0.0092433335;
10; 171; 2.6043; -340.833673; -1.111863; 736.111007; 0.0014377168; 43.752635; 0.0092441530;
10; 172; 2.6143; -340.833577; -1.112202; 735.298804; 0.0014361305; 43.756264; 0.0092445364;
10; 173; 2.6243; -340.833483; -1.112471; 734.563898; 0.0014346951; 43.759059; 0.0092448317;
10; 174; 2.6343; -340.833408; -1.112087; 734.506036; 0.0014345821; 43.729326; 0.0092416904;
10; 175; 2.6444; -340.833316; -1.112657; 733.449735; 0.0014325190; 43.744570; 0.0092433010;
10; 176; 2.6544; -340.833223; -1.112984; 732.649630; 0.0014309563; 43.749860; 0.0092438598;
10; 177; 2.6644; -340.833133; -1.113239; 731.943401; 0.0014295770; 43.748273; 0.0092436922;
10; 178; 2.6744; -340.833062; -1.112837; 731.950402; 0.0014295906; 43.719713; 0.0092406745;
10; 179; 2.6845; -340.832973; -1.113394; 730.877755; 0.0014274956; 43.716088; 0.0092402913;
10; 180; 2.6945; -340.832884; -1.113711; 730.057430; 0.0014258934; 43.697742; 0.0092383523;
10; 181; 2.7045; -340.832812; -1.113368; 729.957956; 0.0014256991; 43.663818; 0.0092347655;
10; 182; 2.7145; -340.832725; -1.113912; 728.850737; 0.0014235366; 43.635332; 0.0092317526;
10; 183; 2.7246; -340.832638; -1.114218; 728.017874; 0.0014219099; 43.596681; 0.0092276632;
10; 184; 2.7346; -340.832568; -1.113869; 727.894708; 0.0014216694; 43.552963; 0.0092230354;
10; 185; 2.7446; -340.832484; -1.114405; 726.800707; 0.0014195326; 43.507368; 0.0092182064;
10; 186; 2.7546; -340.832399; -1.114702; 725.961846; 0.0014178942; 43.456664; 0.0092128333;
10; 187; 2.7647; -340.832331; -1.114337; 725.825120; 0.0014176272; 43.400678; 0.0092068968;
10; 188; 2.7747; -340.832249; -1.114868; 724.714359; 0.0014154577; 43.347432; 0.0092012474;
10; 189; 2.7847; -340.832166; -1.115162; 723.888511; 0.0014138447; 43.291844; 0.0091953457;
10; 190; 2.7947; -340.832102; -1.114783; 723.807051; 0.0014136856; 43.226683; 0.0091884229;
10; 191; 2.8048; -340.832022; -1.115309; 722.768275; 0.0014116568; 43.175923; 0.0091830265;
10; 192; 2.8148; -340.831941; -1.115594; 721.999742; 0.0014101557; 43.124562; 0.0091775629;
10; 193; 2.8248; -340.831879; -1.115212; 721.934893; 0.0014100291; 43.061696; 0.0091708710;
10; 194; 2.8348; -340.831801; -1.115726; 720.911377; 0.0014080300; 43.021128; 0.0091665501;
10; 195; 2.8449; -340.831722; -1.116003; 720.157030; 0.0014065567; 42.980840; 0.0091622570;
10; 196; 2.8549; -340.831662; -1.115610; 720.117363; 0.0014064792; 42.928270; 0.0091566521;
10; 197; 2.8649; -340.831586; -1.116122; 719.110134; 0.0014045120; 42.901472; 0.0091537937;
10; 198; 2.8749; -340.831510; -1.116392; 718.392557; 0.0014031105; 42.875245; 0.0091509952;
10; 199; 2.8850; -340.831452; -1.115990; 718.391837; 0.0014031091; 42.835203; 0.0091467210;
10; 200; 2.8950; -340.831379; -1.116497; 717.411752; 0.0014011948; 42.822589; 0.0091453742;
10; 201; 2.9050; -340.831304; -1.116763; 716.715918; 0.0013998358; 42.809997; 0.0091440295;
10; 202; 2.9150; -340.831249; -1.116351; 716.724522; 0.0013998526; 42.779646; 0.0091407875;
10; 203; 2.9251; -340.831177; -1.116852; 715.772288; 0.0013979928; 42.779191; 0.0091407389;
10; 204; 2.9351; -340.831105; -1.117109; 715.077549; 0.0013966358; 42.777422; 0.0091405499;
10; 205; 2.9451; -340.831052; -1.116700; 715.094215; 0.0013966684; 42.751077; 0.0091377348;
10; 206; 2.9551; -340.830982; -1.117189; 714.148653; 0.0013948216; 42.759695; 0.0091386558;
10; 207; 2.9652; -340.830912; -1.117441; 713.471871; 0.0013934997; 42.764944; 0.0091392167;
10; 208; 2.9752; -340.830861; -1.117017; 713.513642; 0.0013935813; 42.737425; 0.0091362757;
10; 209; 2.9852; -340.830793; -1.117506; 712.586625; 0.0013917708; 42.751888; 0.0091378215;
10; 210; 2.9952; -340.830725; -1.117752; 711.922654; 0.0013904739; 42.759993; 0.0091386876;
10; 211; 3.0053; -340.830676; -1.117326; 711.952519; 0.0013905323; 42.729060; 0.0091353815;
10; 212; 3.0153; -340.830610; -1.117807; 711.022809; 0.0013887164; 42.743740; 0.0091369507;
10; 213; 3.0253; -340.830543; -1.118048; 710.337912; 0.0013873787; 42.747441; 0.0091373462;
10; 214; 3.0353; -340.830497; -1.117616; 710.360095; 0.0013874221; 42.711826; 0.0091335390;
10; 215; 3.0454; -340.830433; -1.118092; 709.413408; 0.0013855731; 42.715092; 0.0091338882;
10; 216; 3.0554; -340.830368; -1.118331; 708.725722; 0.0013842299; 42.702944; 0.0091325893;
10; 217; 3.0654; -340.830323; -1.117891; 708.753082; 0.0013842834; 42.660670; 0.0091280678;
10; 218; 3.0754; -340.830261; -1.118362; 707.782171; 0.0013823871; 42.641545; 0.0091260214;
10; 219; 3.0855; -340.830198; -1.118595; 707.081677; 0.0013810189; 42.608774; 0.0091225140;
10; 220; 3.0955; -340.830156; -1.118152; 707.140551; 0.0013811339; 42.562730; 0.0091175837;
10; 221; 3.1055; -340.830096; -1.118618; 706.153030; 0.0013792051; 42.525397; 0.0091135841;
10; 222; 3.1155; -340.830034; -1.118846; 705.462963; 0.0013778573; 42.481493; 0.0091088785;
10; 223; 3.1256; -340.829994; -1.118395; 705.506921; 0.0013779432; 42.438038; 0.0091042184;
10; 224; 3.1356; -340.829936; -1.118861; 704.543192; 0.0013760609; 42.394556; 0.0090995531;
10; 225; 3.1456; -340.829876; -1.119084; 703.839847; 0.0013746872; 42.349445; 0.0090947106;
10; 226; 3.1556; -340.829838; -1.118633; 703.885430; 0.0013747762; 42.308937; 0.0090903599;
10; 227; 3.1657; -340.829781; -1.119091; 702.913484; 0.0013728779; 42.265176; 0.0090856575;
10; 228; 3.1757; -340.829724; -1.119311; 702.221415; 0.0013715262; 42.220696; 0.0090808753;
10; 229; 3.1857; -340.829687; -1.118854; 702.268526; 0.0013716182; 42.174583; 0.0090759150;
10; 230; 3.1957; -340.829633; -1.119313; 701.319272; 0.0013697642; 42.129940; 0.0090711101;
10; 231; 3.2058; -340.829577; -1.119524; 700.624720; 0.0013684077; 42.083839; 0.0090661457;
10; 232; 3.2158; -340.829542; -1.119061; 700.644688; 0.0013684467; 42.025968; 0.0090599100;
10; 233; 3.2258; -340.829489; -1.119517; 699.695919; 0.0013665936; 41.983610; 0.0090553431;
10; 234; 3.2358; -340.829435; -1.119729; 699.009535; 0.0013652530; 41.940055; 0.0090506447;
10; 235; 3.2459; -340.829403; -1.119266; 699.056376; 0.0013653445; 41.878805; 0.0090440334;
10; 236; 3.2559; -340.829351; -1.119718; 698.108522; 0.0013634932; 41.845394; 0.0090404251;
10; 237; 3.2659; -340.829299; -1.119922; 697.441501; 0.0013621904; 41.811041; 0.0090367135;
10; 238; 3.2759; -340.829268; -1.119456; 697.495365; 0.0013622956; 41.756073; 0.0090307713;
10; 239; 3.2860; -340.829219; -1.119900; 696.584781; 0.0013605172; 41.735662; 0.0090285638;
10; 240; 3.2960; -340.829168; -1.120106; 695.930378; 0.0013592390; 41.714245; 0.0090262470;
10; 241; 3.3060; -340.829139; -1.119637; 695.986302; 0.0013593482; 41.670259; 0.0090214868;
10; 242; 3.3160; -340.829091; -1.120076; 695.092092; 0.0013576017; 41.663942; 0.0090208030;
10; 243; 3.3261; -340.829042; -1.120279; 694.447806; 0.0013563434; 41.656107; 0.0090199548;
10; 244; 3.3361; -340.829014; -1.119806; 694.506234; 0.0013564575; 41.622906; 0.0090163594;
10; 245; 3.3461; -340.828968; -1.120243; 693.614074; 0.0013547150; 41.629467; 0.0090170701;
10; 246; 3.3561; -340.828921; -1.120444; 692.974937; 0.0013534667; 41.633373; 0.0090174931;
10; 247; 3.3662; -340.828895; -1.119969; 693.048586; 0.0013536105; 41.606839; 0.0090146191;
10; 248; 3.3762; -340.828850; -1.120404; 692.159544; 0.0013518741; 41.622835; 0.0090163518;
10; 249; 3.3862; -340.828804; -1.120600; 691.534362; 0.0013506531; 41.633800; 0.0090175393;
10; 250; 3.3962; -340.828780; -1.120120; 691.606084; 0.0013507931; 41.607357; 0.0090146752;
10; 251; 3.4063; -340.828736; -1.120557; 690.723871; 0.0013490701; 41.626512; 0.0090167500;
10; 252; 3.4163; -340.828692; -1.120747; 690.114485; 0.0013478799; 41.636446; 0.0090178259;
10; 253; 3.4263; -340.828669; -1.120269; 690.240891; 0.0013481267; 41.604241; 0.0090143376;
10; 254; 3.4363; -340.828627; -1.120702; 689.389704; 0.0013464643; 41.615921; 0.0090156029;
10; 255; 3.4464; -340.828598; -1.120370; 689.327249; 0.0013463423; 41.586602; 0.0090124265;
10; 256; 3.4564; -340.828557; -1.120788; 688.465355; 0.0013446589; 41.586510; 0.0090124166;
10; 257; 3.4664; -340.828529; -1.120460; 688.386456; 0.0013445048; 41.550087; 0.0090084690;
10; 258; 3.4764; -340.828489; -1.120878; 687.500442; 0.0013427743; 41.534201; 0.0090067467;
10; 259; 3.4865; -340.828461; -1.120551; 687.407438; 0.0013425927; 41.490698; 0.0090020286;
10; 260; 3.4965; -340.828422; -1.120964; 686.507735; 0.0013408354; 41.460357; 0.0089987366;
10; 261; 3.5065; -340.828395; -1.120634; 686.425996; 0.0013406758; 41.413264; 0.0089936244;
10; 262; 3.5165; -340.828357; -1.121048; 685.532274; 0.0013389302; 41.373801; 0.0089893385;
10; 263; 3.5266; -340.828331; -1.120719; 685.460559; 0.0013387902; 41.327371; 0.0089842931;
10; 264; 3.5366; -340.828294; -1.121131; 684.577723; 0.0013370659; 41.284661; 0.0089796495;
10; 265; 3.5466; -340.828269; -1.120799; 684.526765; 0.0013369663; 41.242091; 0.0089750186;
10; 266; 3.5566; -340.828233; -1.121211; 683.646393; 0.0013352469; 41.200395; 0.0089704806;
10; 267; 3.5667; -340.828209; -1.120880; 683.598879; 0.0013351541; 41.162941; 0.0089664023;
10; 268; 3.5767; -340.828173; -1.121288; 682.714999; 0.0013334277; 41.124208; 0.0089621827;
10; 269; 3.5867; -340.828150; -1.120956; 682.664341; 0.0013333288; 41.090846; 0.0089585467;
10; 270; 3.5967; -340.828115; -1.121363; 681.789262; 0.0013316197; 41.055042; 0.0089546428;
10; 271; 3.6068; -340.828093; -1.121026; 681.746305; 0.0013315358; 41.022837; 0.0089511300;
10; 272; 3.6168; -340.828059; -1.121435; 680.880569; 0.0013298449; 40.988591; 0.0089473930;
10; 273; 3.6268; -340.828037; -1.121096; 680.825086; 0.0013297365; 40.953081; 0.0089435165;
10; 274; 3.6368; -340.828004; -1.121505; 679.949499; 0.0013280264; 40.919167; 0.0089398125;
10; 275; 3.6469; -340.827983; -1.121166; 679.875958; 0.0013278827; 40.877512; 0.0089352610;
10; 276; 3.6569; -340.827950; -1.121572; 678.995353; 0.0013261628; 40.844705; 0.0089316748;
10; 277; 3.6669; -340.827930; -1.121232; 678.912468; 0.0013260009; 40.798612; 0.0089266337;
10; 278; 3.6769; -340.827898; -1.121637; 678.033502; 0.0013242842; 40.769543; 0.0089234530;
10; 279; 3.6870; -340.827878; -1.121297; 677.974538; 0.0013241690; 40.723288; 0.0089183896;
10; 280; 3.6970; -340.827847; -1.121701; 677.149067; 0.0013225568; 40.700333; 0.0089158756;
10; 281; 3.7070; -340.827828; -1.121359; 677.133742; 0.0013225268; 40.657462; 0.0089111787;
10; 282; 3.7170; -340.827797; -1.121763; 676.315909; 0.0013209295; 40.642127; 0.0089094980;
10; 283; 3.7271; -340.827779; -1.121418; 676.303093; 0.0013209045; 40.604823; 0.0089054081;
10; 284; 3.7371; -340.827749; -1.121820; 675.497348; 0.0013193308; 40.597833; 0.0089046416;
10; 285; 3.7471; -340.827732; -1.121478; 675.478756; 0.0013192944; 40.567128; 0.0089012736;
10; 286; 3.7571; -340.827702; -1.121878; 674.676585; 0.0013177277; 40.568439; 0.0089014174;
10; 287; 3.7672; -340.827685; -1.121535; 674.666354; 0.0013177077; 40.544081; 0.0088987447;
10; 288; 3.7772; -340.827656; -1.121935; 673.864115; 0.0013161409; 40.553120; 0.0088997366;
10; 289; 3.7872; -340.827640; -1.121591; 673.846078; 0.0013161056; 40.534100; 0.0088976494;
10; 290; 3.7972; -340.827611; -1.121990; 673.039800; 0.0013145309; 40.549610; 0.0088993515;
10; 291; 3.8073; -340.827596; -1.121644; 673.026517; 0.0013145049; 40.533969; 0.0088976350;
10; 292; 3.8173; -340.827568; -1.122043; 672.226263; 0.0013129419; 40.553822; 0.0088998137;
10; 293; 3.8273; -340.827553; -1.121701; 672.193355; 0.0013128776; 40.538790; 0.0088981641;
10; 294; 3.8373; -340.827526; -1.122096; 671.381190; 0.0013112914; 40.559362; 0.0089004216;
10; 295; 3.8474; -340.827511; -1.121749; 671.334514; 0.0013112002; 40.541205; 0.0088984292;
10; 296; 3.8574; -340.827484; -1.122146; 670.521516; 0.0013096123; 40.557270; 0.0089001920;
10; 297; 3.8674; -340.827470; -1.121803; 670.477276; 0.0013095259; 40.532089; 0.0088974287;
10; 298; 3.8774; -340.827444; -1.122196; 669.656338; 0.0013079225; 40.537596; 0.0088980330;
10; 299; 3.8875; -340.827431; -1.121850; 669.600209; 0.0013078129; 40.502358; 0.0088941649;
10; 300; 3.8975; -340.827405; -1.122242; 668.767233; 0.0013061860; 40.492274; 0.0088930576;
10; 301; 3.9075; -340.827392; -1.121899; 668.706144; 0.0013060667; 40.446669; 0.0088880482;
10; 302; 3.9175; -340.827367; -1.122290; 667.851203; 0.0013043969; 40.419764; 0.0088850916;
10; 303; 3.9276; -340.827354; -1.121940; 667.774274; 0.0013042466; 40.366333; 0.0088792170;
10; 304; 3.9376; -340.827330; -1.122336; 666.911206; 0.0013025609; 40.326483; 0.0088748331;
10; 305; 3.9476; -340.827318; -1.121991; 666.827887; 0.0013023982; 40.269945; 0.0088686096;
10; 306; 3.9576; -340.827294; -1.122381; 665.954697; 0.0013006928; 40.223235; 0.0088634647;
10; 307; 3.9677; -340.827282; -1.122036; 665.882659; 0.0013005521; 40.168163; 0.0088573948;
10; 308; 3.9777; -340.827258; -1.122425; 665.014735; 0.0012988569; 40.120218; 0.0088521072;
10; 309; 3.9877; -340.827247; -1.122079; 664.970875; 0.0012987712; 40.069971; 0.0088465621;
10; 310; 3.9977; -340.827224; -1.122468; 664.118802; 0.0012971070; 40.024632; 0.0088415558;
10; 311; 4.0078; -340.827213; -1.122121; 664.072210; 0.0012970160; 39.980934; 0.0088367280;
10; 312; 4.0178; -340.827190; -1.122509; 663.220583; 0.0012953527; 39.940079; 0.0088322118;
10; 313; 4.0278; -340.827180; -1.122162; 663.196186; 0.0012953051; 39.903005; 0.0088281117;
10; 314; 4.0378; -340.827157; -1.122550; 662.345764; 0.0012936441; 39.866973; 0.0088241249;
10; 315; 4.0479; -340.827147; -1.122198; 662.342631; 0.0012936380; 39.835054; 0.0088205918;
10; 316; 4.0579; -340.827125; -1.122589; 661.527507; 0.0012920459; 39.803130; 0.0088170567;
10; 317; 4.0679; -340.827115; -1.122241; 661.518441; 0.0012920282; 39.773420; 0.0088137654;
10; 318; 4.0779; -340.827093; -1.122628; 660.691325; 0.0012904127; 39.744095; 0.0088105156;
10; 319; 4.0880; -340.827084; -1.122275; 660.677246; 0.0012903852; 39.712314; 0.0088069923;
10; 320; 4.0980; -340.827062; -1.122665; 659.848070; 0.0012887658; 39.684066; 0.0088038594;
10; 321; 4.1080; -340.827053; -1.122316; 659.823726; 0.0012887182; 39.646807; 0.0087997255;
10; 322; 4.1180; -340.827032; -1.122702; 658.990311; 0.0012870905; 39.619837; 0.0087967321;
10; 323; 4.1281; -340.827023; -1.122352; 658.951351; 0.0012870144; 39.577803; 0.0087920644;
10; 324; 4.1381; -340.827002; -1.122737; 658.123273; 0.0012853970; 39.554306; 0.0087894541;
10; 325; 4.1481; -340.826994; -1.122387; 658.100259; 0.0012853521; 39.511375; 0.0087846829;
10; 326; 4.1581; -340.826973; -1.122774; 657.300302; 0.0012837897; 39.493780; 0.0087827267;
10; 327; 4.1682; -340.826965; -1.122421; 657.295267; 0.0012837798; 39.453832; 0.0087782837;
10; 328; 4.1782; -340.826945; -1.122808; 656.527136; 0.0012822796; 39.443807; 0.0087771684;
10; 329; 4.1882; -340.826937; -1.122456; 656.540852; 0.0012823064; 39.409503; 0.0087733509;
10; 330; 4.1982; -340.826917; -1.122840; 655.774626; 0.0012808098; 39.407931; 0.0087731759;
10; 331; 4.2083; -340.826910; -1.122490; 655.789301; 0.0012808385; 39.380781; 0.0087701532;
10; 332; 4.2183; -340.826890; -1.122873; 655.030868; 0.0012793572; 39.387878; 0.0087709435;
10; 333; 4.2283; -340.826883; -1.122522; 655.051195; 0.0012793969; 39.368146; 0.0087687462;
10; 334; 4.2383; -340.826864; -1.122905; 654.291977; 0.0012779140; 39.383484; 0.0087704542;
10; 335; 4.2484; -340.826857; -1.122554; 654.317670; 0.0012779642; 39.370678; 0.0087690281;
10; 336; 4.2584; -340.826838; -1.122937; 653.571966; 0.0012765077; 39.393098; 0.0087715246;
10; 337; 4.2684; -340.826831; -1.122585; 653.619508; 0.0012766006; 39.385764; 0.0087707081;
10; 338; 4.2784; -340.826813; -1.122968; 652.887225; 0.0012751704; 39.413010; 0.0087737412;
10; 339; 4.2885; -340.826807; -1.122616; 652.933170; 0.0012752601; 39.408546; 0.0087732444;
10; 340; 4.2985; -340.826788; -1.122998; 652.202125; 0.0012738323; 39.436653; 0.0087763724;
10; 341; 4.3085; -340.826782; -1.122642; 652.248469; 0.0012739228; 39.431132; 0.0087757581;
10; 342; 4.3185; -340.826764; -1.123029; 651.504990; 0.0012724707; 39.454352; 0.0087783416;
10; 343; 4.3286; -340.826759; -1.122675; 651.526520; 0.0012725127; 39.442988; 0.0087770773;
10; 344; 4.3386; -340.826741; -1.123059; 650.766944; 0.0012710292; 39.454614; 0.0087783708;
10; 345; 4.3486; -340.826736; -1.122705; 650.783833; 0.0012710622; 39.433039; 0.0087759703;
10; 346; 4.3586; -340.826718; -1.123085; 650.006256; 0.0012695435; 39.427640; 0.0087753694;
10; 347; 4.3687; -340.826713; -1.122728; 650.011193; 0.0012695531; 39.393752; 0.0087715974;
10; 348; 4.3787; -340.826695; -1.123113; 649.218233; 0.0012680044; 39.370331; 0.0087689895;
10; 349; 4.3887; -340.826691; -1.122755; 649.216135; 0.0012680003; 39.325672; 0.0087640146;
10; 350; 4.3987; -340.826673; -1.123142; 648.414839; 0.0012664352; 39.287975; 0.0087598132;
10; 351; 4.4088; -340.826669; -1.122779; 648.409537; 0.0012664249; 39.236444; 0.0087540665;
10; 352; 4.4188; -340.826652; -1.123167; 647.583574; 0.0012648117; 39.190309; 0.0087489183;
10; 353; 4.4288; -340.826647; -1.122813; 647.559910; 0.0012647654; 39.136299; 0.0087428876;
10; 354; 4.4388; -340.826630; -1.123192; 646.726104; 0.0012631369; 39.087168; 0.0087373980;
10; 355; 4.4489; -340.826626; -1.122838; 646.704871; 0.0012630955; 39.034256; 0.0087314822;
10; 356; 4.4589; -340.826609; -1.123218; 645.892094; 0.0012615080; 38.986069; 0.0087260911;
10; 357; 4.4689; -340.826605; -1.122863; 645.864907; 0.0012614549; 38.936748; 0.0087205697;
10; 358; 4.4789; -340.826588; -1.123242; 645.039453; 0.0012598427; 38.891861; 0.0087155416;
10; 359; 4.4890; -340.826585; -1.122882; 645.018208; 0.0012598012; 38.847557; 0.0087105760;
10; 360; 4.4990; -340.826568; -1.123266; 644.189298; 0.0012581822; 38.807115; 0.0087060408;
10; 361; 4.5090; -340.826564; -1.122906; 644.163691; 0.0012581322; 38.768283; 0.0087016839;
10; 362; 4.5190; -340.826548; -1.123291; 643.338276; 0.0012565201; 38.732708; 0.0086976905;
10; 363; 4.5291; -340.826545; -1.122930; 643.335702; 0.0012565150; 38.698715; 0.0086938730;
10; 364; 4.5391; -340.826529; -1.123313; 642.543289; 0.0012549674; 38.667583; 0.0086903753;
10; 365; 4.5491; -340.826525; -1.122957; 642.535401; 0.0012549520; 38.636625; 0.0086868958;
10; 366; 4.5591; -340.826509; -1.123335; 641.737599; 0.0012533937; 38.608912; 0.0086837797;
10; 367; 4.5692; -340.826506; -1.122976; 641.725318; 0.0012533698; 38.577781; 0.0086802782;
10; 368; 4.5792; -340.826491; -1.123358; 640.926811; 0.0012518102; 38.551969; 0.0086773737;
10; 369; 4.5892; -340.826488; -1.123002; 640.910634; 0.0012517786; 38.516786; 0.0086734132;
10; 370; 4.5992; -340.826472; -1.123380; 640.116361; 0.0012502273; 38.492001; 0.0086706222;
10; 371; 4.6093; -340.826469; -1.123024; 640.084867; 0.0012501658; 38.451143; 0.0086660191;
10; 372; 4.6193; -340.826454; -1.123401; 639.294368; 0.0012486218; 38.428496; 0.0086634668;
10; 373; 4.6293; -340.826451; -1.123045; 639.280791; 0.0012485953; 38.384220; 0.0086584745;
10; 374; 4.6393; -340.826436; -1.123422; 638.516511; 0.0012471026; 38.365998; 0.0086564190;
10; 375; 4.6494; -340.826434; -1.123066; 638.502953; 0.0012470761; 38.322150; 0.0086514709;
10; 376; 4.6594; -340.826419; -1.123443; 637.747539; 0.0012456007; 38.310252; 0.0086501278;
10; 377; 4.6694; -340.826417; -1.123082; 637.738756; 0.0012455835; 38.269937; 0.0086455752;
10; 378; 4.6794; -340.826402; -1.123464; 636.992140; 0.0012441253; 38.265528; 0.0086450771;
10; 379; 4.6895; -340.826400; -1.123103; 637.005972; 0.0012441523; 38.230740; 0.0086411466;
10; 380; 4.6995; -340.826385; -1.123484; 636.261850; 0.0012426989; 38.234316; 0.0086415507;
10; 381; 4.7095; -340.826383; -1.123127; 636.263100; 0.0012427014; 38.206026; 0.0086383531;
10; 382; 4.7195; -340.826369; -1.123504; 635.519616; 0.0012412492; 38.217473; 0.0086396470;
10; 383; 4.7296; -340.826367; -1.123146; 635.530086; 0.0012412697; 38.195733; 0.0086371895;
10; 384; 4.7396; -340.826353; -1.123523; 634.803179; 0.0012398500; 38.214278; 0.0086392859;
10; 385; 4.7496; -340.826351; -1.123162; 634.830781; 0.0012399039; 38.198460; 0.0086374978;
10; 386; 4.7596; -340.826337; -1.123545; 634.129246; 0.0012385337; 38.222400; 0.0086402040;
10; 387; 4.7697; -340.826336; -1.123180; 634.190588; 0.0012386535; 38.210984; 0.0086389136;
10; 388; 4.7797; -340.826322; -1.123561; 633.487072; 0.0012372794; 38.237170; 0.0086418732;
10; 389; 4.7897; -340.826320; -1.123198; 633.540236; 0.0012373833; 38.227658; 0.0086407983;
10; 390; 4.7997; -340.826306; -1.123579; 632.829220; 0.0012359946; 38.251310; 0.0086434710;
10; 391; 4.8098; -340.826305; -1.123217; 632.870111; 0.0012360744; 38.240137; 0.0086422085;
10; 392; 4.8198; -340.826291; -1.123597; 632.137107; 0.0012346428; 38.255205; 0.0086439110;
10; 393; 4.8298; -340.826290; -1.123239; 632.159845; 0.0012346872; 38.238390; 0.0086420111;
10; 394; 4.8398; -340.826277; -1.123616; 631.417986; 0.0012332383; 38.239307; 0.0086421147;
10; 395; 4.8499; -340.826276; -1.123252; 631.442896; 0.0012332869; 38.213785; 0.0086392302;
10; 396; 4.8599; -340.826262; -1.123632; 630.694274; 0.0012318248; 38.198199; 0.0086374682;
10; 397; 4.8699; -340.826261; -1.123273; 630.709431; 0.0012318544; 38.163472; 0.0086335411;
10; 398; 4.8799; -340.826248; -1.123651; 629.942081; 0.0012303556; 38.133461; 0.0086301458;
10; 399; 4.8900; -340.826247; -1.123290; 629.941249; 0.0012303540; 38.091539; 0.0086254007;
10; 400; 4.9000; -340.826234; -1.123666; 629.159223; 0.0012288266; 38.051915; 0.0086209133;
