13; 1; 0.9000; -340.398846; -0.927519; 874.810573; 0.0017086144; 48.065235; 0.0096890356;
13; 2; 0.9100; -340.432213; -0.927257; 874.646236; 0.0017082934; 48.073718; 0.0096898907;
13; 3; 0.9201; -340.463584; -0.926805; 874.614707; 0.0017082318; 48.054505; 0.0096879541;
13; 4; 0.9301; -340.493077; -0.926424; 874.231215; 0.0017074828; 48.046128; 0.0096871097;
13; 5; 0.9401; -340.520810; -0.925938; 874.372125; 0.0017077581; 48.036530; 0.0096861420;
13; 6; 0.9501; -340.546853; -0.925468; 874.341911; 0.0017076990; 48.020024; 0.0096844777;
13; 7; 0.9602; -340.571317; -0.925027; 874.178802; 0.0017073805; 48.015360; 0.0096840074;
13; 8; 0.9702; -340.594278; -0.924537; 874.059250; 0.0017071470; 48.002973; 0.0096827582;
13; 9; 0.9802; -340.615820; -0.924023; 873.937011; 0.0017069082; 47.971384; 0.0096795718;
13; 10; 0.9902; -340.636025; -0.923539; 873.811576; 0.0017066632; 47.966860; 0.0096791153;
13; 11; 1.0003; -340.654960; -0.923000; 873.929348; 0.0017068933; 47.946975; 0.0096771088;
13; 12; 1.0103; -340.672697; -0.922479; 873.815702; 0.0017066713; 47.939327; 0.0096763370;
13; 13; 1.0203; -340.689301; -0.921926; 873.713105; 0.0017064709; 47.902208; 0.0096725902;
13; 14; 1.0303; -340.704840; -0.921385; 873.771966; 0.0017065859; 47.894763; 0.0096718385;
13; 15; 1.0404; -340.719361; -0.920826; 873.860161; 0.0017067581; 47.870997; 0.0096694385;
13; 16; 1.0504; -340.732927; -0.920270; 873.875672; 0.0017067884; 47.850022; 0.0096673199;
13; 17; 1.0604; -340.745589; -0.919709; 873.909245; 0.0017068540; 47.831945; 0.0096654937;
13; 18; 1.0704; -340.757405; -0.919109; 873.871203; 0.0017067797; 47.819180; 0.0096642039;
13; 19; 1.0805; -340.768407; -0.918529; 873.944171; 0.0017069222; 47.792940; 0.0096615519;
13; 20; 1.0905; -340.778647; -0.917957; 874.077730; 0.0017071831; 47.775801; 0.0096598194;
13; 21; 1.1005; -340.788168; -0.917379; 874.124438; 0.0017072743; 47.754628; 0.0096576787;
13; 22; 1.1105; -340.797016; -0.916751; 874.175801; 0.0017073746; 47.742200; 0.0096564219;
13; 23; 1.1206; -340.805216; -0.916162; 874.365421; 0.0017077450; 47.722497; 0.0096544292;
13; 24; 1.1306; -340.812810; -0.915583; 874.434436; 0.0017078798; 47.701311; 0.0096522859;
13; 25; 1.1406; -340.819832; -0.914996; 874.581089; 0.0017081662; 47.685157; 0.0096506514;
13; 26; 1.1506; -340.826316; -0.914400; 874.755496; 0.0017085068; 47.666249; 0.0096487379;
13; 27; 1.1607; -340.832297; -0.913748; 874.948549; 0.0017088839; 47.654926; 0.0096475918;
13; 28; 1.1707; -340.837791; -0.913161; 875.178338; 0.0017093327; 47.633533; 0.0096454261;
13; 29; 1.1807; -340.842833; -0.912575; 875.367384; 0.0017097019; 47.612884; 0.0096433352;
13; 30; 1.1907; -340.847450; -0.911988; 875.578389; 0.0017101140; 47.592841; 0.0096413053;
13; 31; 1.2008; -340.851665; -0.911386; 875.824713; 0.0017105951; 47.571285; 0.0096391216;
13; 32; 1.2108; -340.855503; -0.910786; 876.072086; 0.0017110783; 47.548592; 0.0096368223;
13; 33; 1.2208; -340.858986; -0.910182; 876.289466; 0.0017115029; 47.524096; 0.0096343396;
13; 34; 1.2308; -340.862135; -0.909581; 876.546007; 0.0017120039; 47.497789; 0.0096316727;
13; 35; 1.2409; -340.864969; -0.908980; 876.786195; 0.0017124730; 47.469526; 0.0096288067;
13; 36; 1.2509; -340.867508; -0.908398; 877.013727; 0.0017129174; 47.439350; 0.0096257457;
13; 37; 1.2609; -340.869771; -0.907774; 877.246856; 0.0017133728; 47.407086; 0.0096224718;
13; 38; 1.2709; -340.871774; -0.907172; 877.489887; 0.0017138474; 47.372950; 0.0096190068;
13; 39; 1.2810; -340.873534; -0.906568; 877.742148; 0.0017143401; 47.337055; 0.0096153620;
13; 40; 1.2910; -340.875066; -0.905966; 877.975817; 0.0017147965; 47.299585; 0.0096115556;
13; 41; 1.3010; -340.876385; -0.905364; 878.225176; 0.0017152835; 47.260825; 0.0096076167;
13; 42; 1.3110; -340.877506; -0.904759; 878.468524; 0.0017157588; 47.221119; 0.0096035799;
13; 43; 1.3211; -340.878441; -0.904153; 878.718966; 0.0017162480; 47.180828; 0.0095994820;
13; 44; 1.3311; -340.879204; -0.903546; 878.944253; 0.0017166880; 47.140387; 0.0095953670;
13; 45; 1.3411; -340.879807; -0.902937; 879.144428; 0.0017170790; 47.100219; 0.0095912780;
13; 46; 1.3511; -340.880261; -0.902328; 879.376131; 0.0017175315; 47.060683; 0.0095872518;
13; 47; 1.3612; -340.880576; -0.901712; 879.603995; 0.0017179766; 47.022064; 0.0095833172;
13; 48; 1.3712; -340.880765; -0.901094; 879.810561; 0.0017183800; 46.984681; 0.0095795070;
13; 49; 1.3812; -340.880835; -0.900474; 879.994728; 0.0017187397; 46.948761; 0.0095758445;
13; 50; 1.3912; -340.880797; -0.899847; 880.161593; 0.0017190656; 46.914424; 0.0095723422;
13; 51; 1.4013; -340.880660; -0.899216; 880.301834; 0.0017193395; 46.881856; 0.0095690190;
13; 52; 1.4113; -340.880431; -0.898578; 880.429248; 0.0017195884; 46.851030; 0.0095658726;
13; 53; 1.4213; -340.880119; -0.897933; 880.558720; 0.0017198413; 46.821930; 0.0095629013;
13; 54; 1.4313; -340.879731; -0.897279; 880.674145; 0.0017200667; 46.794391; 0.0095600887;
13; 55; 1.4414; -340.879275; -0.896617; 880.761749; 0.0017202378; 46.768341; 0.0095574273;
13; 56; 1.4514; -340.878757; -0.895946; 880.805116; 0.0017203225; 46.743515; 0.0095548903;
13; 57; 1.4614; -340.878183; -0.895263; 880.819469; 0.0017203505; 46.719715; 0.0095524575;
13; 58; 1.4714; -340.877560; -0.894569; 880.778318; 0.0017202702; 46.696768; 0.0095501113;
13; 59; 1.4815; -340.876893; -0.893861; 880.711813; 0.0017201403; 46.674550; 0.0095478390;
13; 60; 1.4915; -340.876188; -0.893138; 880.602278; 0.0017199263; 46.652986; 0.0095456332;
13; 61; 1.5015; -340.875449; -0.892400; 880.435207; 0.0017196000; 46.632080; 0.0095434942;
13; 62; 1.5115; -340.874681; -0.891645; 880.208369; 0.0017191570; 46.611837; 0.0095414226;
13; 63; 1.5216; -340.873889; -0.890869; 879.956232; 0.0017186645; 46.592351; 0.0095394279;
13; 64; 1.5316; -340.873077; -0.890079; 879.631843; 0.0017180309; 46.573710; 0.0095375194;
13; 65; 1.5416; -340.872248; -0.889263; 879.256849; 0.0017172985; 46.555992; 0.0095357052;
13; 66; 1.5516; -340.871406; -0.888424; 878.814789; 0.0017164351; 46.539232; 0.0095339885;
13; 67; 1.5617; -340.870555; -0.887561; 878.269339; 0.0017153698; 46.523482; 0.0095323751;
13; 68; 1.5717; -340.869696; -0.886672; 877.644918; 0.0017141502; 46.508705; 0.0095308612;
13; 69; 1.5817; -340.868834; -0.885756; 876.932711; 0.0017127592; 46.494890; 0.0095294456;
13; 70; 1.5917; -340.867970; -0.884811; 876.126233; 0.0017111840; 46.482025; 0.0095281270;
13; 71; 1.6018; -340.867108; -0.883836; 875.254477; 0.0017094814; 46.470036; 0.0095268981;
13; 72; 1.6118; -340.866249; -0.882830; 874.305636; 0.0017076282; 46.458832; 0.0095257496;
13; 73; 1.6218; -340.865395; -0.881781; 873.316625; 0.0017056965; 46.448228; 0.0095246624;
13; 74; 1.6318; -340.864547; -0.880719; 872.181951; 0.0017034804; 46.438255; 0.0095236399;
13; 75; 1.6419; -340.863709; -0.879612; 870.988632; 0.0017011497; 46.428576; 0.0095226474;
13; 76; 1.6519; -340.862880; -0.878470; 869.712853; 0.0016986579; 46.419058; 0.0095216712;
13; 77; 1.6619; -340.862063; -0.877292; 868.335546; 0.0016959679; 46.409486; 0.0095206895;
13; 78; 1.6719; -340.861258; -0.876077; 866.900010; 0.0016931641; 46.399652; 0.0095196807;
13; 79; 1.6820; -340.860466; -0.874827; 865.397075; 0.0016902287; 46.389287; 0.0095186173;
13; 80; 1.6920; -340.859688; -0.873540; 863.843092; 0.0016871935; 46.378208; 0.0095174806;
13; 81; 1.7020; -340.858925; -0.872217; 862.250745; 0.0016840835; 46.366166; 0.0095162449;
13; 82; 1.7120; -340.858178; -0.870861; 860.643329; 0.0016809440; 46.352906; 0.0095148841;
13; 83; 1.7221; -340.857446; -0.869467; 859.044852; 0.0016778220; 46.338205; 0.0095133751;
13; 84; 1.7321; -340.856730; -0.868041; 857.486923; 0.0016747791; 46.321915; 0.0095117028;
13; 85; 1.7421; -340.856032; -0.866583; 855.955670; 0.0016717884; 46.303829; 0.0095098457;
13; 86; 1.7521; -340.855349; -0.865094; 854.450008; 0.0016688477; 46.283816; 0.0095077904;
13; 87; 1.7622; -340.854684; -0.863578; 852.981666; 0.0016659798; 46.261682; 0.0095055167;
13; 88; 1.7722; -340.854035; -0.862034; 851.593466; 0.0016632685; 46.237358; 0.0095030174;
13; 89; 1.7822; -340.853404; -0.860466; 850.316254; 0.0016607739; 46.210695; 0.0095002770;
13; 90; 1.7922; -340.852789; -0.858876; 849.187589; 0.0016585695; 46.181617; 0.0094972875;
13; 91; 1.8023; -340.852192; -0.857267; 848.222652; 0.0016566849; 46.150016; 0.0094940376;
13; 92; 1.8123; -340.851610; -0.855641; 847.437285; 0.0016551509; 46.115950; 0.0094905329;
13; 93; 1.8223; -340.851046; -0.854000; 846.838515; 0.0016539815; 46.079433; 0.0094867746;
13; 94; 1.8323; -340.850497; -0.852349; 846.446313; 0.0016532155; 46.040695; 0.0094827861;
13; 95; 1.8424; -340.849965; -0.850689; 846.272224; 0.0016528754; 45.999930; 0.0094785871;
13; 96; 1.8524; -340.849448; -0.849025; 846.332190; 0.0016529926; 45.957463; 0.0094742108;
13; 97; 1.8624; -340.848947; -0.847358; 846.625363; 0.0016535652; 45.913674; 0.0094696961;
13; 98; 1.8724; -340.848461; -0.845692; 847.154485; 0.0016545986; 45.868879; 0.0094650755;
13; 99; 1.8825; -340.847989; -0.844031; 847.945265; 0.0016561431; 45.823460; 0.0094603882;
13; 100; 1.8925; -340.847532; -0.842377; 849.079320; 0.0016583580; 45.777684; 0.0094556617;
13; 101; 1.9025; -340.847089; -0.840735; 850.568229; 0.0016612661; 45.731898; 0.0094509319;
13; 102; 1.9125; -340.846659; -0.839106; 852.425219; 0.0016648930; 45.686355; 0.0094462247;
13; 103; 1.9226; -340.846243; -0.837494; 854.602843; 0.0016691462; 45.641316; 0.0094415674;
13; 104; 1.9326; -340.845840; -0.835903; 857.041083; 0.0016739084; 45.597048; 0.0094369875;
13; 105; 1.9426; -340.845450; -0.834335; 859.723180; 0.0016791468; 45.553787; 0.0094325097;
13; 106; 1.9526; -340.845071; -0.832794; 862.701736; 0.0016849643; 45.511763; 0.0094281580;
13; 107; 1.9627; -340.844705; -0.831283; 865.980915; 0.0016913690; 45.471132; 0.0094239484;
13; 108; 1.9727; -340.844350; -0.829806; 869.542292; 0.0016983248; 45.432022; 0.0094198948;
13; 109; 1.9827; -340.844006; -0.828365; 873.250995; 0.0017055684; 45.394472; 0.0094160012;
13; 110; 1.9927; -340.843673; -0.825908; 848.825731; 0.0016578628; 45.441824; 0.0094209109;
13; 111; 2.0028; -340.843350; -0.825606; 881.168059; 0.0017210314; 45.323805; 0.0094086692;
13; 112; 2.0128; -340.843037; -0.824293; 885.378055; 0.0017292540; 45.290286; 0.0094051895;
13; 113; 2.0228; -340.842735; -0.823028; 889.659952; 0.0017376171; 45.257456; 0.0094017801;
13; 114; 2.0328; -340.842441; -0.821814; 893.960975; 0.0017460175; 45.224907; 0.0093983986;
13; 115; 2.0429; -340.842156; -0.820654; 898.258306; 0.0017544108; 45.192303; 0.0093950102;
13; 116; 2.0529; -340.841880; -0.819549; 902.516613; 0.0017627278; 45.159482; 0.0093915980;
13; 117; 2.0629; -340.841613; -0.818501; 906.720415; 0.0017709383; 45.126389; 0.0093881563;
13; 118; 2.0729; -340.841353; -0.817511; 910.806876; 0.0017789197; 45.093156; 0.0093846988;
13; 119; 2.0830; -340.841102; -0.816580; 914.662320; 0.0017864498; 45.059995; 0.0093812474;
13; 120; 2.0930; -340.840857; -0.815709; 918.237529; 0.0017934327; 45.027191; 0.0093778320;
13; 121; 2.1030; -340.840620; -0.814897; 921.485570; 0.0017997765; 44.994943; 0.0093744733;
13; 122; 2.1130; -340.840390; -0.814145; 924.330882; 0.0018053338; 44.963572; 0.0093712046;
13; 123; 2.1231; -340.840167; -0.813451; 926.705874; 0.0018099724; 44.933239; 0.0093680431;
13; 124; 2.1331; -340.839949; -0.812814; 928.596528; 0.0018136651; 44.904094; 0.0093650044;
13; 125; 2.1431; -340.839738; -0.812231; 930.005756; 0.0018164175; 44.876046; 0.0093620792;
13; 126; 2.1531; -340.839533; -0.811702; 930.949681; 0.0018182611; 44.849709; 0.0093593316;
13; 127; 2.1632; -340.839334; -0.811224; 931.439249; 0.0018192173; 44.824973; 0.0093567503;
13; 128; 2.1732; -340.839139; -0.810795; 931.503782; 0.0018193433; 44.802033; 0.0093543557;
13; 129; 2.1832; -340.838950; -0.810407; 931.186585; 0.0018187238; 44.780739; 0.0093521325;
13; 130; 2.1932; -340.838766; -0.810063; 930.536465; 0.0018174540; 44.761511; 0.0093501244;
13; 131; 2.2033; -340.838587; -0.809760; 929.576227; 0.0018155786; 44.744284; 0.0093483249;
13; 132; 2.2133; -340.838412; -0.809492; 928.358667; 0.0018132005; 44.729095; 0.0093467381;
13; 133; 2.2233; -340.838242; -0.809258; 926.902388; 0.0018103562; 44.715868; 0.0093453560;
13; 134; 2.2333; -340.838075; -0.809056; 925.266983; 0.0018071621; 44.704653; 0.0093441840;
13; 135; 2.2434; -340.837913; -0.808883; 923.469863; 0.0018036521; 44.695260; 0.0093432024;
13; 136; 2.2534; -340.837754; -0.808736; 921.530586; 0.0017998644; 44.687552; 0.0093423967;
13; 137; 2.2634; -340.837600; -0.808613; 919.479846; 0.0017958591; 44.681203; 0.0093417330;
13; 138; 2.2734; -340.837448; -0.808512; 917.352147; 0.0017917034; 44.675837; 0.0093411720;
13; 139; 2.2835; -340.837300; -0.808430; 915.163575; 0.0017874289; 44.670868; 0.0093406525;
13; 140; 2.2935; -340.837155; -0.808368; 912.939104; 0.0017830842; 44.665521; 0.0093400935;
13; 141; 2.3035; -340.837013; -0.808321; 910.694344; 0.0017786999; 44.658829; 0.0093393938;
13; 142; 2.3135; -340.836874; -0.808290; 908.430050; 0.0017742774; 44.649745; 0.0093384439;
13; 143; 2.3236; -340.836738; -0.808271; 906.173269; 0.0017698697; 44.637207; 0.0093371326;
13; 144; 2.3336; -340.836604; -0.808266; 903.917109; 0.0017654631; 44.620335; 0.0093353678;
13; 145; 2.3436; -340.836473; -0.808271; 901.677479; 0.0017610888; 44.598561; 0.0093330897;
13; 146; 2.3536; -340.836344; -0.808286; 899.451718; 0.0017567416; 44.571742; 0.0093302832;
13; 147; 2.3637; -340.836220; -0.808254; 897.385463; 0.0017527060; 44.545297; 0.0093275149;
13; 148; 2.3737; -340.836093; -0.808237; 895.339832; 0.0017487106; 44.511272; 0.0093239519;
13; 149; 2.3837; -340.835968; -0.808250; 893.282166; 0.0017446917; 44.473013; 0.0093199438;
13; 150; 2.3937; -340.835845; -0.808277; 891.236355; 0.0017406960; 44.432413; 0.0093156888;
13; 151; 2.4038; -340.835724; -0.808319; 889.213363; 0.0017367448; 44.390767; 0.0093113219;
13; 152; 2.4138; -340.835606; -0.808370; 887.207565; 0.0017328273; 44.348933; 0.0093069334;
13; 153; 2.4238; -340.835490; -0.808428; 885.238681; 0.0017289818; 44.307510; 0.0093025859;
13; 154; 2.4338; -340.835375; -0.808460; 883.372452; 0.0017253368; 44.268961; 0.0092985383;
13; 155; 2.4439; -340.835262; -0.808502; 881.529738; 0.0017217378; 44.230984; 0.0092945490;
13; 156; 2.4539; -340.835151; -0.808554; 879.719684; 0.0017182025; 44.193925; 0.0092906545;
13; 157; 2.4639; -340.835062; -0.808823; 877.446722; 0.0017137631; 44.140549; 0.0092850423;
13; 158; 2.4739; -340.834952; -0.808846; 875.819893; 0.0017105857; 44.112745; 0.0092821175;
13; 159; 2.4840; -340.834841; -0.808865; 874.220287; 0.0017074615; 44.082440; 0.0092789286;
13; 160; 2.4940; -340.834733; -0.808902; 872.623464; 0.0017043427; 44.052112; 0.0092757361;
13; 161; 2.5040; -340.834627; -0.808953; 871.040500; 0.0017012510; 44.022394; 0.0092726069;
13; 162; 2.5140; -340.834539; -0.809145; 869.130396; 0.0016975203; 43.973302; 0.0092674352;
13; 163; 2.5241; -340.834435; -0.809209; 867.629673; 0.0016945892; 43.953988; 0.0092653997;
13; 164; 2.5341; -340.834331; -0.809250; 866.193191; 0.0016917836; 43.930785; 0.0092629539;
13; 165; 2.5441; -340.834229; -0.809302; 864.767458; 0.0016889989; 43.907121; 0.0092604587;
13; 166; 2.5541; -340.834145; -0.809495; 862.991594; 0.0016855305; 43.859989; 0.0092554871;
13; 167; 2.5642; -340.834046; -0.809559; 861.642083; 0.0016828947; 43.847485; 0.0092541677;
13; 168; 2.5742; -340.833946; -0.809602; 860.356449; 0.0016803837; 43.830338; 0.0092523581;
13; 169; 2.5842; -340.833848; -0.809654; 859.065415; 0.0016778621; 43.812317; 0.0092504557;
13; 170; 2.5942; -340.833769; -0.809854; 857.412568; 0.0016746339; 43.767504; 0.0092457237;
13; 171; 2.6043; -340.833673; -0.809918; 856.214135; 0.0016722932; 43.761513; 0.0092450908;
13; 172; 2.6143; -340.833577; -0.809958; 855.051164; 0.0016700218; 43.749643; 0.0092438370;
13; 173; 2.6243; -340.833483; -0.810009; 853.876006; 0.0016677266; 43.735816; 0.0092423761;
13; 174; 2.6343; -340.833408; -0.810213; 852.285847; 0.0016646208; 43.693968; 0.0092379533;
13; 175; 2.6444; -340.833316; -0.810275; 851.175399; 0.0016624520; 43.689446; 0.0092374753;
13; 176; 2.6544; -340.833223; -0.810312; 850.110406; 0.0016603719; 43.676180; 0.0092360727;
13; 177; 2.6644; -340.833133; -0.810361; 849.021332; 0.0016582448; 43.657842; 0.0092341336;
13; 178; 2.6744; -340.833062; -0.810572; 847.527541; 0.0016553272; 43.614260; 0.0092295234;
13; 179; 2.6845; -340.832973; -0.810628; 846.520935; 0.0016533612; 43.597868; 0.0092277888;
13; 180; 2.6945; -340.832884; -0.810662; 845.549633; 0.0016514641; 43.570826; 0.0092249266;
13; 181; 2.7045; -340.832812; -0.810842; 844.185819; 0.0016488004; 43.524985; 0.0092200725;
13; 182; 2.7145; -340.832725; -0.810890; 843.246772; 0.0016469664; 43.495705; 0.0092169707;
13; 183; 2.7246; -340.832638; -0.810919; 842.337813; 0.0016451910; 43.458796; 0.0092130593;
13; 184; 2.7346; -340.832568; -0.811097; 841.034055; 0.0016426446; 43.409124; 0.0092077926;
13; 185; 2.7446; -340.832484; -0.811142; 840.165552; 0.0016409483; 43.373036; 0.0092039644;
13; 186; 2.7546; -340.832399; -0.811167; 839.298953; 0.0016392558; 43.332479; 0.0091996602;
13; 187; 2.7647; -340.832331; -0.811344; 838.036443; 0.0016367899; 43.280224; 0.0091941116;
13; 188; 2.7747; -340.832249; -0.811386; 837.201490; 0.0016351592; 43.243569; 0.0091902174;
13; 189; 2.7847; -340.832166; -0.811410; 836.374733; 0.0016335444; 43.203915; 0.0091860027;
13; 190; 2.7947; -340.832102; -0.811588; 835.116019; 0.0016310860; 43.150937; 0.0091803690;
13; 191; 2.8048; -340.832022; -0.811626; 834.320397; 0.0016295320; 43.118179; 0.0091768836;
13; 192; 2.8148; -340.831941; -0.811646; 833.546558; 0.0016280206; 43.082945; 0.0091731335;
13; 193; 2.8248; -340.831879; -0.811827; 832.336764; 0.0016256577; 43.032952; 0.0091678097;
13; 194; 2.8348; -340.831801; -0.811858; 831.603670; 0.0016242259; 43.006824; 0.0091650261;
13; 195; 2.8449; -340.831722; -0.811874; 830.876370; 0.0016228054; 42.978250; 0.0091619810;
13; 196; 2.8549; -340.831662; -0.812054; 829.677623; 0.0016204641; 42.933740; 0.0091572355;
13; 197; 2.8649; -340.831586; -0.812083; 828.979578; 0.0016191007; 42.915277; 0.0091552663;
13; 198; 2.8749; -340.831510; -0.812096; 828.272053; 0.0016177189; 42.894195; 0.0091530173;
13; 199; 2.8850; -340.831452; -0.812277; 827.098673; 0.0016154271; 42.855829; 0.0091489230;
13; 200; 2.8950; -340.831379; -0.812302; 826.440943; 0.0016141425; 42.844934; 0.0091477599;
13; 201; 2.9050; -340.831304; -0.812311; 825.775660; 0.0016128431; 42.830907; 0.0091462623;
13; 202; 2.9150; -340.831249; -0.812492; 824.628775; 0.0016106031; 42.797681; 0.0091427140;
13; 203; 2.9251; -340.831177; -0.812513; 824.014307; 0.0016094029; 42.793228; 0.0091422385;
13; 204; 2.9351; -340.831105; -0.812518; 823.395933; 0.0016081952; 42.784919; 0.0091413508;
13; 205; 2.9451; -340.831052; -0.812703; 822.288198; 0.0016060316; 42.754771; 0.0091381295;
13; 206; 2.9551; -340.830982; -0.812717; 821.724682; 0.0016049310; 42.755142; 0.0091381692;
13; 207; 2.9652; -340.830912; -0.812718; 821.142386; 0.0016037937; 42.750621; 0.0091376860;
13; 208; 2.9752; -340.830861; -0.812900; 820.058387; 0.0016016765; 42.721253; 0.0091345469;
13; 209; 2.9852; -340.830793; -0.812912; 819.511567; 0.0016006085; 42.724292; 0.0091348718;
13; 210; 2.9952; -340.830725; -0.812910; 818.932168; 0.0015994769; 42.720909; 0.0091345101;
13; 211; 3.0053; -340.830676; -0.813095; 817.839480; 0.0015973427; 42.690179; 0.0091312242;
13; 212; 3.0153; -340.830610; -0.813101; 817.304887; 0.0015962986; 42.692005; 0.0091314195;
13; 213; 3.0253; -340.830543; -0.813096; 816.751377; 0.0015952175; 42.684945; 0.0091306644;
13; 214; 3.0353; -340.830497; -0.813280; 815.665973; 0.0015930976; 42.650383; 0.0091269671;
13; 215; 3.0454; -340.830433; -0.813283; 815.132718; 0.0015920561; 42.644017; 0.0091262860;
13; 216; 3.0554; -340.830368; -0.813275; 814.576700; 0.0015909701; 42.626552; 0.0091244169;
13; 217; 3.0654; -340.830323; -0.813459; 813.479856; 0.0015888278; 42.585515; 0.0091200238;
13; 218; 3.0754; -340.830261; -0.813458; 812.944330; 0.0015877819; 42.565194; 0.0091178476;
13; 219; 3.0855; -340.830198; -0.813446; 812.379667; 0.0015866790; 42.534849; 0.0091145969;
13; 220; 3.0955; -340.830156; -0.813631; 811.261552; 0.0015844952; 42.488153; 0.0091095925;
13; 221; 3.1055; -340.830096; -0.813627; 810.723391; 0.0015834441; 42.456810; 0.0091062318;
13; 222; 3.1155; -340.830034; -0.813611; 810.177787; 0.0015823785; 42.419213; 0.0091021989;
13; 223; 3.1256; -340.829994; -0.813795; 809.150335; 0.0015803717; 42.370592; 0.0090969809;
13; 224; 3.1356; -340.829936; -0.813789; 808.679094; 0.0015794514; 42.335638; 0.0090932279;
13; 225; 3.1456; -340.829876; -0.813770; 808.185523; 0.0015784873; 42.297005; 0.0090890779;
13; 226; 3.1556; -340.829838; -0.813957; 807.174425; 0.0015765125; 42.248298; 0.0090838431;
13; 227; 3.1657; -340.829781; -0.813945; 806.704663; 0.0015755950; 42.214090; 0.0090801649;
13; 228; 3.1757; -340.829724; -0.813924; 806.206314; 0.0015746217; 42.176785; 0.0090761519;
13; 229; 3.1857; -340.829687; -0.814111; 805.210900; 0.0015726775; 42.126317; 0.0090707201;
13; 230; 3.1957; -340.829633; -0.814099; 804.751913; 0.0015717811; 42.093740; 0.0090672121;
13; 231; 3.2058; -340.829577; -0.814073; 804.266379; 0.0015708328; 42.057718; 0.0090633317;
13; 232; 3.2158; -340.829542; -0.814257; 803.257644; 0.0015688626; 42.003992; 0.0090575409;
13; 233; 3.2258; -340.829489; -0.814242; 802.823834; 0.0015680153; 41.974368; 0.0090543463;
13; 234; 3.2358; -340.829435; -0.814216; 802.355262; 0.0015671001; 41.941114; 0.0090507590;
13; 235; 3.2459; -340.829403; -0.814403; 801.349786; 0.0015651363; 41.886859; 0.0090449031;
13; 236; 3.2559; -340.829351; -0.814384; 800.944100; 0.0015643439; 41.862381; 0.0090422598;
13; 237; 3.2659; -340.829299; -0.814353; 800.493392; 0.0015634637; 41.834072; 0.0090392019;
13; 238; 3.2759; -340.829268; -0.814540; 799.477931; 0.0015614803; 41.782611; 0.0090336406;
13; 239; 3.2860; -340.829219; -0.814516; 799.072720; 0.0015606889; 41.764622; 0.0090316957;
13; 240; 3.2960; -340.829168; -0.814485; 798.618587; 0.0015598019; 41.742532; 0.0090293069;
13; 241; 3.3060; -340.829139; -0.814673; 797.615343; 0.0015578425; 41.695870; 0.0090242588;
13; 242; 3.3160; -340.829091; -0.814645; 797.237653; 0.0015571048; 41.684672; 0.0090230469;
13; 243; 3.3261; -340.829042; -0.814611; 796.818718; 0.0015562866; 41.669026; 0.0090213534;
13; 244; 3.3361; -340.829014; -0.814798; 795.844549; 0.0015543839; 41.627650; 0.0090168733;
13; 245; 3.3461; -340.828968; -0.814768; 795.496091; 0.0015537033; 41.622786; 0.0090163465;
13; 246; 3.3561; -340.828921; -0.814733; 795.098577; 0.0015529269; 41.613007; 0.0090152873;
13; 247; 3.3662; -340.828895; -0.814920; 794.139799; 0.0015510543; 41.576021; 0.0090112800;
13; 248; 3.3762; -340.828850; -0.814888; 793.805277; 0.0015504009; 41.576074; 0.0090112857;
13; 249; 3.3862; -340.828804; -0.814849; 793.416781; 0.0015496422; 41.570259; 0.0090106555;
13; 250; 3.3962; -340.828780; -0.815037; 792.460389; 0.0015477742; 41.535614; 0.0090068999;
13; 251; 3.4063; -340.828736; -0.815005; 792.124719; 0.0015471186; 41.537615; 0.0090071168;
13; 252; 3.4163; -340.828692; -0.814962; 791.748106; 0.0015463830; 41.531933; 0.0090065008;
13; 253; 3.4263; -340.828669; -0.815149; 790.806248; 0.0015445435; 41.497146; 0.0090027281;
13; 254; 3.4363; -340.828627; -0.815115; 790.474348; 0.0015438952; 41.495329; 0.0090025310;
13; 255; 3.4464; -340.828598; -0.815238; 789.666952; 0.0015423183; 41.464804; 0.0089992191;
13; 256; 3.4564; -340.828557; -0.815192; 789.329235; 0.0015416587; 41.456683; 0.0089983378;
13; 257; 3.4664; -340.828529; -0.815305; 788.533637; 0.0015401048; 41.423047; 0.0089946867;
13; 258; 3.4764; -340.828489; -0.815261; 788.203667; 0.0015394603; 41.406525; 0.0089928927;
13; 259; 3.4865; -340.828461; -0.815376; 787.407473; 0.0015379052; 41.369150; 0.0089888332;
13; 260; 3.4965; -340.828422; -0.815328; 787.069123; 0.0015372444; 41.345057; 0.0089862153;
13; 261; 3.5065; -340.828395; -0.815441; 786.266525; 0.0015356768; 41.305437; 0.0089819086;
13; 262; 3.5165; -340.828357; -0.815394; 785.922455; 0.0015350048; 41.276724; 0.0089787862;
13; 263; 3.5266; -340.828331; -0.815507; 785.126348; 0.0015334499; 41.236911; 0.0089744549;
13; 264; 3.5366; -340.828294; -0.815459; 784.773192; 0.0015327601; 41.206796; 0.0089711773;
13; 265; 3.5466; -340.828269; -0.815571; 783.988765; 0.0015312281; 41.168402; 0.0089669969;
13; 266; 3.5566; -340.828233; -0.815521; 783.656607; 0.0015305793; 41.139280; 0.0089638248;
13; 267; 3.5667; -340.828209; -0.815636; 782.893859; 0.0015290896; 41.103127; 0.0089598853;
13; 268; 3.5767; -340.828173; -0.815583; 782.565896; 0.0015284490; 41.076180; 0.0089569479;
13; 269; 3.5867; -340.828150; -0.815696; 781.807441; 0.0015269677; 41.042151; 0.0089532369;
13; 270; 3.5967; -340.828115; -0.815643; 781.489466; 0.0015263466; 41.017610; 0.0089505597;
13; 271; 3.6068; -340.828093; -0.815755; 780.723967; 0.0015248515; 40.984762; 0.0089469751;
13; 272; 3.6168; -340.828059; -0.815701; 780.394014; 0.0015242071; 40.962219; 0.0089445142;
13; 273; 3.6268; -340.828037; -0.815813; 779.616299; 0.0015226881; 40.929038; 0.0089408907;
13; 274; 3.6368; -340.828004; -0.815758; 779.306992; 0.0015220840; 40.908024; 0.0089385952;
13; 275; 3.6469; -340.827983; -0.815869; 778.535371; 0.0015205769; 40.873365; 0.0089348079;
13; 276; 3.6569; -340.827950; -0.815814; 778.237658; 0.0015199954; 40.853897; 0.0089326797;
13; 277; 3.6669; -340.827930; -0.815924; 777.475950; 0.0015185077; 40.817911; 0.0089287448;
13; 278; 3.6769; -340.827898; -0.815867; 777.185026; 0.0015179395; 40.800590; 0.0089268501;
13; 279; 3.6870; -340.827878; -0.815977; 776.433114; 0.0015164709; 40.764341; 0.0089228837;
13; 280; 3.6970; -340.827847; -0.815920; 776.143477; 0.0015159052; 40.749680; 0.0089212789;
13; 281; 3.7070; -340.827828; -0.816029; 775.397304; 0.0015144479; 40.713998; 0.0089173722;
13; 282; 3.7170; -340.827797; -0.815971; 775.118103; 0.0015139025; 40.702272; 0.0089160880;
13; 283; 3.7271; -340.827779; -0.816080; 774.381167; 0.0015124632; 40.667712; 0.0089123019;
13; 284; 3.7371; -340.827749; -0.816021; 774.118794; 0.0015119508; 40.659016; 0.0089113489;
13; 285; 3.7471; -340.827732; -0.816130; 773.377395; 0.0015105027; 40.625926; 0.0089077221;
13; 286; 3.7571; -340.827702; -0.816070; 773.111860; 0.0015099841; 40.620116; 0.0089070851;
13; 287; 3.7672; -340.827685; -0.816179; 772.349757; 0.0015084956; 40.588431; 0.0089036104;
13; 288; 3.7772; -340.827656; -0.816117; 772.081572; 0.0015079718; 40.585242; 0.0089032607;
13; 289; 3.7872; -340.827640; -0.816226; 771.324709; 0.0015064936; 40.554785; 0.0088999194;
13; 290; 3.7972; -340.827611; -0.816163; 771.078258; 0.0015060122; 40.553715; 0.0088998019;
13; 291; 3.8073; -340.827596; -0.816273; 770.353902; 0.0015045975; 40.523982; 0.0088965388;
13; 292; 3.8173; -340.827568; -0.816209; 770.101126; 0.0015041038; 40.524183; 0.0088965609;
13; 293; 3.8273; -340.827553; -0.816320; 769.376003; 0.0015026875; 40.494409; 0.0088932919;
13; 294; 3.8373; -340.827526; -0.816254; 769.139441; 0.0015022255; 40.494281; 0.0088932779;
13; 295; 3.8474; -340.827511; -0.816362; 768.421879; 0.0015008240; 40.463184; 0.0088898625;
13; 296; 3.8574; -340.827484; -0.816297; 768.178143; 0.0015003479; 40.460293; 0.0088895450;
13; 297; 3.8674; -340.827470; -0.816408; 767.442303; 0.0014989107; 40.426268; 0.0088858063;
13; 298; 3.8774; -340.827444; -0.816340; 767.180499; 0.0014983994; 40.417697; 0.0088848643;
13; 299; 3.8875; -340.827431; -0.816450; 766.426043; 0.0014969259; 40.379256; 0.0088806382;
13; 300; 3.8975; -340.827405; -0.816382; 766.152159; 0.0014963909; 40.362517; 0.0088787972;
13; 301; 3.9075; -340.827392; -0.816492; 765.396471; 0.0014949150; 40.319305; 0.0088740432;
13; 302; 3.9175; -340.827367; -0.816423; 765.126088; 0.0014943869; 40.293865; 0.0088712432;
13; 303; 3.9276; -340.827354; -0.816531; 764.359358; 0.0014928894; 40.246780; 0.0088660584;
13; 304; 3.9376; -340.827330; -0.816464; 764.080030; 0.0014923438; 40.214787; 0.0088625339;
13; 305; 3.9476; -340.827318; -0.816573; 763.320630; 0.0014908606; 40.165951; 0.0088571509;
13; 306; 3.9576; -340.827294; -0.816503; 763.030690; 0.0014902943; 40.130690; 0.0088532623;
13; 307; 3.9677; -340.827282; -0.816612; 762.273873; 0.0014888162; 40.082223; 0.0088479145;
13; 308; 3.9777; -340.827258; -0.816542; 761.993184; 0.0014882679; 40.046703; 0.0088439932;
13; 309; 3.9877; -340.827247; -0.816650; 761.264453; 0.0014868446; 40.000245; 0.0088388618;
13; 310; 3.9977; -340.827224; -0.816579; 760.999147; 0.0014863265; 39.966557; 0.0088351391;
13; 311; 4.0078; -340.827213; -0.816687; 760.262747; 0.0014848882; 39.923064; 0.0088303303;
13; 312; 4.0178; -340.827190; -0.816615; 759.989723; 0.0014843549; 39.892307; 0.0088269282;
13; 313; 4.0278; -340.827180; -0.816724; 759.258460; 0.0014829267; 39.852048; 0.0088224730;
13; 314; 4.0378; -340.827157; -0.816651; 758.989131; 0.0014824006; 39.824583; 0.0088194325;
13; 315; 4.0479; -340.827147; -0.816757; 758.271071; 0.0014809982; 39.787273; 0.0088153002;
13; 316; 4.0579; -340.827125; -0.816686; 758.007214; 0.0014804828; 39.762997; 0.0088126105;
13; 317; 4.0679; -340.827115; -0.816794; 757.291858; 0.0014790857; 39.727815; 0.0088087109;
13; 318; 4.0779; -340.827093; -0.816720; 757.033151; 0.0014785804; 39.706300; 0.0088063254;
13; 319; 4.0880; -340.827084; -0.816826; 756.330008; 0.0014772070; 39.671957; 0.0088025162;
13; 320; 4.0980; -340.827062; -0.816754; 756.084585; 0.0014767277; 39.652698; 0.0088003793;
13; 321; 4.1080; -340.827053; -0.816861; 755.388734; 0.0014753686; 39.618093; 0.0087965384;
13; 322; 4.1180; -340.827032; -0.816786; 755.156111; 0.0014749143; 39.601071; 0.0087946484;
13; 323; 4.1281; -340.827023; -0.816894; 754.455330; 0.0014735456; 39.566296; 0.0087907862;
13; 324; 4.1381; -340.827002; -0.816819; 754.217751; 0.0014730815; 39.552056; 0.0087892041;
13; 325; 4.1481; -340.826994; -0.816926; 753.510088; 0.0014716994; 39.518195; 0.0087854410;
13; 326; 4.1581; -340.826973; -0.816851; 753.275246; 0.0014712407; 39.507374; 0.0087842382;
13; 327; 4.1682; -340.826965; -0.816958; 752.558647; 0.0014698411; 39.475556; 0.0087807002;
13; 328; 4.1782; -340.826945; -0.816882; 752.329877; 0.0014693943; 39.468551; 0.0087799210;
13; 329; 4.1882; -340.826937; -0.816989; 751.624826; 0.0014680172; 39.439566; 0.0087766965;
13; 330; 4.1982; -340.826917; -0.816913; 751.406548; 0.0014675909; 39.436503; 0.0087763557;
13; 331; 4.2083; -340.826910; -0.817019; 750.710964; 0.0014662324; 39.410820; 0.0087734975;
13; 332; 4.2183; -340.826890; -0.816942; 750.496360; 0.0014658132; 39.411609; 0.0087735852;
13; 333; 4.2283; -340.826883; -0.817049; 749.794709; 0.0014644428; 39.389181; 0.0087710886;
13; 334; 4.2383; -340.826864; -0.816971; 749.576726; 0.0014640170; 39.393487; 0.0087715679;
13; 335; 4.2484; -340.826857; -0.817078; 748.877024; 0.0014626504; 39.374062; 0.0087694051;
13; 336; 4.2584; -340.826838; -0.817001; 748.659129; 0.0014622249; 39.381212; 0.0087702012;
13; 337; 4.2684; -340.826831; -0.817107; 747.983985; 0.0014609062; 39.364149; 0.0087683010;
13; 338; 4.2784; -340.826813; -0.817029; 747.798767; 0.0014605445; 39.372959; 0.0087692823;
13; 339; 4.2885; -340.826807; -0.817136; 747.140764; 0.0014592593; 39.357090; 0.0087675148;
13; 340; 4.2985; -340.826788; -0.817057; 746.946856; 0.0014588806; 39.365583; 0.0087684608;
13; 341; 4.3085; -340.826782; -0.817161; 746.283556; 0.0014575851; 39.349130; 0.0087666282;
13; 342; 4.3185; -340.826764; -0.817085; 746.078745; 0.0014571850; 39.354461; 0.0087672220;
13; 343; 4.3286; -340.826759; -0.817191; 745.405525; 0.0014558702; 39.335220; 0.0087650785;
13; 344; 4.3386; -340.826741; -0.817112; 745.189530; 0.0014554483; 39.334067; 0.0087649501;
13; 345; 4.3486; -340.826736; -0.817217; 744.505281; 0.0014541119; 39.309896; 0.0087622566;
13; 346; 4.3586; -340.826718; -0.817137; 744.276158; 0.0014536644; 39.299615; 0.0087611107;
13; 347; 4.3687; -340.826713; -0.817241; 743.566943; 0.0014522792; 39.269276; 0.0087577282;
13; 348; 4.3787; -340.826695; -0.817163; 743.322600; 0.0014518020; 39.249465; 0.0087555189;
13; 349; 4.3887; -340.826691; -0.817266; 742.627858; 0.0014504450; 39.213360; 0.0087514910;
13; 350; 4.3987; -340.826673; -0.817189; 742.388645; 0.0014499778; 39.185971; 0.0087484341;
13; 351; 4.4088; -340.826669; -0.817293; 741.690369; 0.0014486140; 39.145588; 0.0087439251;
13; 352; 4.4188; -340.826652; -0.817214; 741.431185; 0.0014481078; 39.113625; 0.0087403546;
13; 353; 4.4288; -340.826647; -0.817318; 740.716259; 0.0014467114; 39.070775; 0.0087355656;
13; 354; 4.4388; -340.826630; -0.817237; 740.454177; 0.0014461996; 39.037009; 0.0087317901;
13; 355; 4.4489; -340.826626; -0.817341; 739.737261; 0.0014447993; 38.993193; 0.0087268884;
13; 356; 4.4589; -340.826609; -0.817260; 739.474253; 0.0014442857; 38.959643; 0.0087231332;
13; 357; 4.4689; -340.826605; -0.817365; 738.756592; 0.0014428840; 38.916008; 0.0087182468;
13; 358; 4.4789; -340.826588; -0.817283; 738.496667; 0.0014423763; 38.883930; 0.0087146530;
13; 359; 4.4890; -340.826585; -0.817385; 737.776281; 0.0014409693; 38.841260; 0.0087098701;
13; 360; 4.4990; -340.826568; -0.817306; 737.518933; 0.0014404667; 38.811328; 0.0087065134;
13; 361; 4.5090; -340.826564; -0.817409; 736.794396; 0.0014390516; 38.770091; 0.0087018868;
13; 362; 4.5190; -340.826548; -0.817329; 736.540519; 0.0014385557; 38.742678; 0.0086988098;
13; 363; 4.5291; -340.826545; -0.817431; 735.824627; 0.0014371575; 38.702988; 0.0086943530;
13; 364; 4.5391; -340.826529; -0.817351; 735.568839; 0.0014366579; 38.678134; 0.0086915609;
13; 365; 4.5491; -340.826525; -0.817455; 734.866946; 0.0014352870; 38.639694; 0.0086872408;
13; 366; 4.5591; -340.826509; -0.817372; 734.633800; 0.0014348316; 38.617204; 0.0086847122;
13; 367; 4.5692; -340.826506; -0.817475; 733.957543; 0.0014335108; 38.579233; 0.0086804415;
13; 368; 4.5792; -340.826491; -0.817394; 733.746987; 0.0014330996; 38.558672; 0.0086781280;
13; 369; 4.5892; -340.826488; -0.817498; 733.071732; 0.0014317807; 38.520101; 0.0086737865;
13; 370; 4.5992; -340.826472; -0.817414; 732.854504; 0.0014313565; 38.501194; 0.0086716575;
13; 371; 4.6093; -340.826469; -0.817519; 732.161770; 0.0014300035; 38.461537; 0.0086671904;
13; 372; 4.6193; -340.826454; -0.817435; 731.949511; 0.0014295889; 38.444571; 0.0086652786;
13; 373; 4.6293; -340.826451; -0.817539; 731.272430; 0.0014282665; 38.404483; 0.0086607595;
13; 374; 4.6393; -340.826436; -0.817456; 731.069215; 0.0014278696; 38.390102; 0.0086591378;
13; 375; 4.6494; -340.826434; -0.817560; 730.394800; 0.0014265523; 38.350778; 0.0086547018;
13; 376; 4.6594; -340.826419; -0.817476; 730.196982; 0.0014261660; 38.339493; 0.0086534284;
13; 377; 4.6694; -340.826417; -0.817578; 729.512372; 0.0014248289; 38.301938; 0.0086491891;
13; 378; 4.6794; -340.826402; -0.817496; 729.311996; 0.0014244375; 38.294042; 0.0086482976;
13; 379; 4.6895; -340.826400; -0.817597; 728.621934; 0.0014230897; 38.258932; 0.0086443321;
13; 380; 4.6995; -340.826385; -0.817515; 728.419558; 0.0014226944; 38.254503; 0.0086438317;
13; 381; 4.7095; -340.826383; -0.817619; 727.752859; 0.0014213923; 38.222233; 0.0086401851;
13; 382; 4.7195; -340.826369; -0.817534; 727.566639; 0.0014210286; 38.221145; 0.0086400622;
13; 383; 4.7296; -340.826367; -0.817638; 726.908641; 0.0014197434; 38.191789; 0.0086367435;
13; 384; 4.7396; -340.826353; -0.817553; 726.730107; 0.0014193947; 38.193642; 0.0086369530;
13; 385; 4.7496; -340.826351; -0.817655; 726.071812; 0.0014181090; 38.167050; 0.0086339458;
13; 386; 4.7596; -340.826337; -0.817573; 725.895783; 0.0014177652; 38.171013; 0.0086343940;
13; 387; 4.7697; -340.826336; -0.817673; 725.227007; 0.0014164590; 38.146631; 0.0086316359;
13; 388; 4.7797; -340.826322; -0.817590; 725.039246; 0.0014160923; 38.151188; 0.0086321515;
13; 389; 4.7897; -340.826320; -0.817691; 724.376869; 0.0014147986; 38.128051; 0.0086295335;
13; 390; 4.7997; -340.826306; -0.817607; 724.183761; 0.0014144214; 38.130921; 0.0086298584;
13; 391; 4.8098; -340.826305; -0.817708; 723.525386; 0.0014131355; 38.107595; 0.0086272184;
13; 392; 4.8198; -340.826291; -0.817624; 723.330267; 0.0014127544; 38.105953; 0.0086270325;
13; 393; 4.8298; -340.826290; -0.817728; 722.665948; 0.0014114569; 38.080840; 0.0086241893;
13; 394; 4.8398; -340.826277; -0.817642; 722.454279; 0.0014110435; 38.072197; 0.0086232105;
13; 395; 4.8499; -340.826276; -0.817743; 721.776813; 0.0014097203; 38.044111; 0.0086200292;
13; 396; 4.8599; -340.826262; -0.817658; 721.548141; 0.0014092737; 38.027651; 0.0086181643;
13; 397; 4.8699; -340.826261; -0.817761; 720.866770; 0.0014079429; 37.996554; 0.0086146399;
13; 398; 4.8799; -340.826248; -0.817675; 720.625590; 0.0014074719; 37.973654; 0.0086120435;
13; 399; 4.8900; -340.826247; -0.817777; 719.953052; 0.0014061583; 37.940498; 0.0086082830;
13; 400; 4.9000; -340.826234; -0.817691; 719.715473; 0.0014056943; 37.913737; 0.0086052465;
