17; 1; 0.9000; -340.398846; -0.755916; 912.461458; 0.0017821513; 48.103339; 0.0096928754;
17; 2; 0.9100; -340.432213; -0.754560; 912.970737; 0.0017831460; 48.108420; 0.0096933874;
17; 3; 0.9201; -340.463584; -0.753378; 912.944729; 0.0017830952; 48.082067; 0.0096907320;
17; 4; 0.9301; -340.493077; -0.752270; 913.303055; 0.0017837950; 48.071203; 0.0096896372;
17; 5; 0.9401; -340.520810; -0.751147; 913.468121; 0.0017841174; 48.054318; 0.0096879353;
17; 6; 0.9501; -340.546853; -0.750028; 913.483109; 0.0017841467; 48.030852; 0.0096855696;
17; 7; 0.9602; -340.571317; -0.748982; 913.861639; 0.0017848860; 48.022897; 0.0096847675;
17; 8; 0.9702; -340.594278; -0.747975; 914.064057; 0.0017852814; 48.006573; 0.0096831213;
17; 9; 0.9802; -340.615820; -0.746883; 913.726071; 0.0017846212; 47.968894; 0.0096793206;
17; 10; 0.9902; -340.636025; -0.745928; 914.087769; 0.0017853277; 47.962366; 0.0096786619;
17; 11; 1.0003; -340.654960; -0.744880; 913.919773; 0.0017849996; 47.936795; 0.0096760815;
17; 12; 1.0103; -340.672697; -0.743988; 914.196027; 0.0017855391; 47.928175; 0.0096752115;
17; 13; 1.0203; -340.689301; -0.742982; 913.666596; 0.0017845051; 47.887324; 0.0096710873;
17; 14; 1.0303; -340.704840; -0.742115; 913.788938; 0.0017847440; 47.878082; 0.0096701541;
17; 15; 1.0404; -340.719361; -0.741170; 913.407827; 0.0017839997; 47.850769; 0.0096673954;
17; 16; 1.0504; -340.732927; -0.740290; 913.069682; 0.0017833392; 47.827370; 0.0096650314;
17; 17; 1.0604; -340.745589; -0.739442; 912.749390; 0.0017827137; 47.807007; 0.0096629737;
17; 18; 1.0704; -340.757405; -0.738688; 912.614758; 0.0017824507; 47.793573; 0.0096616159;
17; 19; 1.0805; -340.768407; -0.737869; 911.953906; 0.0017811600; 47.764519; 0.0096586788;
17; 20; 1.0905; -340.778647; -0.737097; 911.394826; 0.0017800680; 47.744232; 0.0096566274;
17; 21; 1.1005; -340.788168; -0.736358; 910.704353; 0.0017787194; 47.720807; 0.0096542582;
17; 22; 1.1105; -340.797016; -0.735714; 910.189450; 0.0017777138; 47.706093; 0.0096527697;
17; 23; 1.1206; -340.805216; -0.735004; 909.252552; 0.0017758839; 47.681969; 0.0096503287;
17; 24; 1.1306; -340.812810; -0.734347; 908.217218; 0.0017738618; 47.658050; 0.0096479080;
17; 25; 1.1406; -340.819832; -0.733722; 907.145915; 0.0017717694; 47.637950; 0.0096458733;
17; 26; 1.1506; -340.826316; -0.733129; 905.941657; 0.0017694173; 47.616222; 0.0096436732;
17; 27; 1.1607; -340.832297; -0.732622; 904.825097; 0.0017672365; 47.600823; 0.0096421138;
17; 28; 1.1707; -340.837791; -0.732063; 903.266631; 0.0017641926; 47.576315; 0.0096396313;
17; 29; 1.1807; -340.842833; -0.731551; 901.638527; 0.0017610127; 47.554293; 0.0096373999;
17; 30; 1.1907; -340.847450; -0.731072; 899.891951; 0.0017576015; 47.533325; 0.0096352750;
17; 31; 1.2008; -340.851665; -0.730622; 898.020347; 0.0017539460; 47.512328; 0.0096331467;
17; 32; 1.2108; -340.855503; -0.730202; 895.988081; 0.0017499767; 47.491378; 0.0096310227;
17; 33; 1.2208; -340.858986; -0.729812; 893.806684; 0.0017457162; 47.470253; 0.0096288804;
17; 34; 1.2308; -340.862135; -0.729446; 891.464414; 0.0017411414; 47.448913; 0.0096267159;
17; 35; 1.2409; -340.864969; -0.729107; 888.973908; 0.0017362772; 47.427309; 0.0096245240;
17; 36; 1.2509; -340.867508; -0.728784; 886.312636; 0.0017310794; 47.405406; 0.0096223013;
17; 37; 1.2609; -340.869771; -0.728502; 883.526451; 0.0017256376; 47.383057; 0.0096200329;
17; 38; 1.2709; -340.871774; -0.728236; 880.571100; 0.0017198654; 47.360301; 0.0096177226;
17; 39; 1.2810; -340.873534; -0.727985; 877.481247; 0.0017138306; 47.337103; 0.0096153668;
17; 40; 1.2910; -340.875066; -0.727762; 874.227832; 0.0017074762; 47.313447; 0.0096129639;
17; 41; 1.3010; -340.876385; -0.727555; 870.834027; 0.0017008477; 47.289376; 0.0096105183;
17; 42; 1.3110; -340.877506; -0.727367; 867.308373; 0.0016939617; 47.264920; 0.0096080329;
17; 43; 1.3211; -340.878441; -0.727188; 863.667948; 0.0016868515; 47.240098; 0.0096055097;
17; 44; 1.3311; -340.879204; -0.727026; 859.906883; 0.0016795056; 47.215028; 0.0096029606;
17; 45; 1.3411; -340.879807; -0.726875; 856.041950; 0.0016719569; 47.189793; 0.0096003939;
17; 46; 1.3511; -340.880261; -0.726737; 852.070639; 0.0016642005; 47.164441; 0.0095978148;
17; 47; 1.3612; -340.880576; -0.726604; 848.011021; 0.0016562715; 47.138963; 0.0095952221;
17; 48; 1.3712; -340.880765; -0.726479; 843.872402; 0.0016481883; 47.113445; 0.0095926247;
17; 49; 1.3812; -340.880835; -0.726364; 839.655832; 0.0016399528; 47.087939; 0.0095900277;
17; 50; 1.3912; -340.880797; -0.726244; 835.381388; 0.0016316043; 47.062423; 0.0095874290;
17; 51; 1.4013; -340.880660; -0.726122; 831.055807; 0.0016231559; 47.037012; 0.0095848403;
17; 52; 1.4113; -340.880431; -0.726000; 826.682953; 0.0016146151; 47.011659; 0.0095822568;
17; 53; 1.4213; -340.880119; -0.725873; 822.276678; 0.0016060091; 46.986396; 0.0095796819;
17; 54; 1.4313; -340.879731; -0.725742; 817.844155; 0.0015973519; 46.961175; 0.0095771104;
17; 55; 1.4414; -340.879275; -0.725600; 813.401104; 0.0015886740; 46.936062; 0.0095745494;
17; 56; 1.4514; -340.878757; -0.725448; 808.952934; 0.0015799862; 46.910996; 0.0095719925;
17; 57; 1.4614; -340.878183; -0.725281; 804.505332; 0.0015712995; 46.885971; 0.0095694390;
17; 58; 1.4714; -340.877560; -0.725101; 800.062723; 0.0015626225; 46.860997; 0.0095668900;
17; 59; 1.4815; -340.876893; -0.724905; 795.635001; 0.0015539746; 46.836056; 0.0095643438;
17; 60; 1.4915; -340.876188; -0.724687; 791.235479; 0.0015453818; 46.811160; 0.0095618014;
17; 61; 1.5015; -340.875449; -0.724452; 786.865040; 0.0015368458; 46.786295; 0.0095592616;
17; 62; 1.5115; -340.874681; -0.724194; 782.535382; 0.0015283894; 46.761415; 0.0095567196;
17; 63; 1.5216; -340.873889; -0.723909; 778.247488; 0.0015200146; 46.736534; 0.0095541768;
17; 64; 1.5316; -340.873077; -0.723604; 774.025086; 0.0015117677; 46.711666; 0.0095516345;
17; 65; 1.5416; -340.872248; -0.723272; 769.856271; 0.0015036255; 46.686828; 0.0095490947;
17; 66; 1.5516; -340.871406; -0.722908; 765.767588; 0.0014956398; 46.662006; 0.0095465559;
17; 67; 1.5617; -340.870555; -0.722517; 761.755181; 0.0014878031; 46.637221; 0.0095440203;
17; 68; 1.5717; -340.869696; -0.722094; 757.832964; 0.0014801425; 46.612421; 0.0095414823;
17; 69; 1.5817; -340.868834; -0.721642; 753.998361; 0.0014726530; 46.587576; 0.0095389391;
17; 70; 1.5917; -340.867970; -0.721157; 750.265318; 0.0014653620; 46.562747; 0.0095363969;
17; 71; 1.6018; -340.867108; -0.720640; 746.640885; 0.0014582830; 46.537928; 0.0095338550;
17; 72; 1.6118; -340.866249; -0.720090; 743.130007; 0.0014514258; 46.513093; 0.0095313108;
17; 73; 1.6218; -340.865395; -0.719526; 739.737302; 0.0014447994; 46.488230; 0.0095287630;
17; 74; 1.6318; -340.864547; -0.718891; 736.482570; 0.0014384425; 46.463374; 0.0095262153;
17; 75; 1.6419; -340.863709; -0.718240; 733.357561; 0.0014323390; 46.438469; 0.0095236618;
17; 76; 1.6519; -340.862880; -0.717557; 730.381251; 0.0014265259; 46.413550; 0.0095211063;
17; 77; 1.6619; -340.862063; -0.716840; 727.572499; 0.0014210400; 46.388573; 0.0095185441;
17; 78; 1.6719; -340.861258; -0.716091; 724.924577; 0.0014158683; 46.363579; 0.0095159794;
17; 79; 1.6820; -340.860466; -0.715309; 722.445302; 0.0014110260; 46.338486; 0.0095134040;
17; 80; 1.6920; -340.859688; -0.714497; 720.153775; 0.0014065503; 46.313382; 0.0095108267;
17; 81; 1.7020; -340.858925; -0.713263; 985.831655; 0.0019254525; 46.380290; 0.0095176942;
17; 82; 1.7120; -340.858178; -0.712780; 716.192889; 0.0013988142; 46.263144; 0.0095056669;
17; 83; 1.7221; -340.857446; -0.711878; 714.511408; 0.0013955301; 46.237686; 0.0095030511;
17; 84; 1.7321; -340.856730; -0.710948; 713.053114; 0.0013926819; 46.212204; 0.0095004322;
17; 85; 1.7421; -340.856032; -0.709989; 711.838313; 0.0013903092; 46.186603; 0.0094978002;
17; 86; 1.7521; -340.855349; -0.709012; 710.832174; 0.0013883441; 46.160901; 0.0094951572;
17; 87; 1.7622; -340.854684; -0.708007; 710.094029; 0.0013869024; 46.134988; 0.0094924917;
17; 88; 1.7722; -340.854035; -0.706980; 709.622372; 0.0013859812; 46.108923; 0.0094898098;
17; 89; 1.7822; -340.853404; -0.705967; 600.391620; 0.0011726399; 46.081292; 0.0094869660;
17; 90; 1.7922; -340.852789; -0.704868; 709.554359; 0.0013858484; 46.056239; 0.0094843867;
17; 91; 1.8023; -340.852192; -0.703785; 710.004449; 0.0013867274; 46.029555; 0.0094816388;
17; 92; 1.8123; -340.851610; -0.702686; 710.814512; 0.0013883096; 46.002665; 0.0094788688;
17; 93; 1.8223; -340.851046; -0.701574; 712.011608; 0.0013906477; 45.975536; 0.0094760735;
17; 94; 1.8323; -340.850497; -0.700450; 713.654302; 0.0013938561; 45.948209; 0.0094732569;
17; 95; 1.8424; -340.849965; -0.699316; 715.798623; 0.0013980442; 45.920654; 0.0094704159;
17; 96; 1.8524; -340.849448; -0.698174; 718.496031; 0.0014033126; 45.892904; 0.0094675540;
17; 97; 1.8624; -340.848947; -0.697027; 721.816280; 0.0014097974; 45.864988; 0.0094646740;
17; 98; 1.8724; -340.848461; -0.695877; 725.858457; 0.0014176923; 45.836903; 0.0094617758;
17; 99; 1.8825; -340.847989; -0.694727; 730.762404; 0.0014272703; 45.808690; 0.0094588634;
17; 100; 1.8925; -340.847532; -0.693580; 736.696573; 0.0014388605; 45.780332; 0.0094559352;
17; 101; 1.9025; -340.847089; -0.692440; 743.865924; 0.0014528631; 45.751859; 0.0094529942;
17; 102; 1.9125; -340.846659; -0.691312; 752.455738; 0.0014696401; 45.723255; 0.0094500387;
17; 103; 1.9226; -340.846243; -0.690201; 762.752652; 0.0014897513; 45.694531; 0.0094470700;
17; 104; 1.9326; -340.845840; -0.689116; 775.082984; 0.0015138340; 45.665700; 0.0094440892;
17; 105; 1.9426; -340.845450; -0.688067; 789.836984; 0.0015426504; 45.636752; 0.0094410953;
17; 106; 1.9526; -340.845071; -0.687069; 807.315261; 0.0015767876; 45.607713; 0.0094380911;
17; 107; 1.9627; -340.844705; -0.686141; 827.368006; 0.0016159531; 45.578572; 0.0094350754;
17; 108; 1.9727; -340.844350; -0.685312; 849.184655; 0.0016585638; 45.549346; 0.0094320499;
17; 109; 1.9827; -340.844006; -0.684612; 870.580979; 0.0017003535; 45.520090; 0.0094290204;
17; 110; 1.9927; -340.843673; -0.684076; 888.078230; 0.0017345278; 45.490899; 0.0094259966;
17; 111; 2.0028; -340.843350; -0.683723; 897.944531; 0.0017537979; 45.461880; 0.0094229897;
17; 112; 2.0128; -340.843037; -0.683552; 899.044328; 0.0017559460; 45.433136; 0.0094200103;
17; 113; 2.0228; -340.842735; -0.683539; 893.174858; 0.0017444821; 45.404588; 0.0094170503;
17; 114; 2.0328; -340.842441; -0.683650; 883.462092; 0.0017255119; 45.376159; 0.0094141017;
17; 115; 2.0429; -340.842156; -0.683852; 872.426816; 0.0017039586; 45.347789; 0.0094111583;
17; 116; 2.0529; -340.841880; -0.684119; 861.546271; 0.0016827076; 45.319449; 0.0094082170;
17; 117; 2.0629; -340.841613; -0.684432; 851.513763; 0.0016631128; 45.291096; 0.0094052736;
17; 118; 2.0729; -340.841353; -0.684777; 842.556400; 0.0016456180; 45.262703; 0.0094023251;
17; 119; 2.0830; -340.841102; -0.685145; 834.655546; 0.0016301866; 45.234272; 0.0093993716;
17; 120; 2.0930; -340.840857; -0.685528; 827.730168; 0.0016166605; 45.205803; 0.0093964133;
17; 121; 2.1030; -340.840620; -0.685922; 821.681548; 0.0016048468; 45.177263; 0.0093934467;
17; 122; 2.1130; -340.840390; -0.686324; 816.377098; 0.0015944865; 45.148723; 0.0093904792;
17; 123; 2.1231; -340.840167; -0.686730; 811.711520; 0.0015853741; 45.120170; 0.0093875094;
17; 124; 2.1331; -340.839949; -0.687140; 807.581730; 0.0015773081; 45.091609; 0.0093845378;
17; 125; 2.1431; -340.839738; -0.687547; 803.919464; 0.0015701552; 45.062784; 0.0093815378;
17; 126; 2.1531; -340.839533; -0.687955; 800.658477; 0.0015637861; 45.034192; 0.0093785610;
17; 127; 2.1632; -340.839334; -0.688365; 797.727242; 0.0015580610; 45.005623; 0.0093755858;
17; 128; 2.1732; -340.839139; -0.688774; 795.079795; 0.0015528902; 44.977130; 0.0093726174;
17; 129; 2.1832; -340.838950; -0.689176; 792.683552; 0.0015482101; 44.948492; 0.0093696330;
17; 130; 2.1932; -340.838766; -0.689578; 790.508113; 0.0015439612; 44.920028; 0.0093666659;
17; 131; 2.2033; -340.838587; -0.689978; 788.511483; 0.0015400615; 44.891620; 0.0093637036;
17; 132; 2.2133; -340.838412; -0.690374; 786.673378; 0.0015364714; 44.863283; 0.0093607479;
17; 133; 2.2233; -340.838242; -0.690764; 784.975868; 0.0015331560; 44.834951; 0.0093577916;
17; 134; 2.2333; -340.838075; -0.691152; 783.405988; 0.0015300898; 44.806730; 0.0093548461;
17; 135; 2.2434; -340.837913; -0.691535; 781.940295; 0.0015272271; 44.778541; 0.0093519029;
17; 136; 2.2534; -340.837754; -0.691914; 780.573480; 0.0015245576; 44.750413; 0.0093489652;
17; 137; 2.2634; -340.837600; -0.692288; 779.289786; 0.0015220504; 44.722294; 0.0093460275;
17; 138; 2.2734; -340.837448; -0.692658; 778.081310; 0.0015196901; 44.694175; 0.0093430889;
17; 139; 2.2835; -340.837300; -0.693022; 776.937378; 0.0015174558; 44.666038; 0.0093401475;
17; 140; 2.2935; -340.837155; -0.693382; 775.852907; 0.0015153377; 44.637840; 0.0093371988;
17; 141; 2.3035; -340.837013; -0.693736; 774.820365; 0.0015133210; 44.609537; 0.0093342382;
17; 142; 2.3135; -340.836874; -0.694085; 773.838698; 0.0015114037; 44.581127; 0.0093312654;
17; 143; 2.3236; -340.836738; -0.694429; 772.896747; 0.0015095640; 44.552571; 0.0093282764;
17; 144; 2.3336; -340.836604; -0.694768; 771.992932; 0.0015077987; 44.523872; 0.0093252715;
17; 145; 2.3436; -340.836473; -0.695102; 771.120587; 0.0015060949; 44.495060; 0.0093222537;
17; 146; 2.3536; -340.836344; -0.695430; 770.279196; 0.0015044516; 44.466150; 0.0093192247;
17; 147; 2.3637; -340.836220; -0.696052; 769.321201; 0.0015025805; 44.444798; 0.0093169870;
17; 148; 2.3737; -340.836093; -0.696559; 768.482146; 0.0015009417; 44.419480; 0.0093143329;
17; 149; 2.3837; -340.835968; -0.697006; 767.687661; 0.0014993900; 44.392477; 0.0093115014;
17; 150; 2.3937; -340.835845; -0.697405; 766.916932; 0.0014978846; 44.364574; 0.0093085745;
17; 151; 2.4038; -340.835724; -0.697774; 766.173193; 0.0014964320; 44.336180; 0.0093055952;
17; 152; 2.4138; -340.835606; -0.698120; 765.453352; 0.0014950261; 44.307477; 0.0093025825;
17; 153; 2.4238; -340.835490; -0.698446; 764.756348; 0.0014936647; 44.278595; 0.0092995501;
17; 154; 2.4338; -340.835375; -0.698728; 764.164494; 0.0014925088; 44.252115; 0.0092967689;
17; 155; 2.4439; -340.835262; -0.699001; 763.569927; 0.0014913475; 44.224889; 0.0092939086;
17; 156; 2.4539; -340.835151; -0.699268; 762.982257; 0.0014901997; 44.197247; 0.0092910036;
17; 157; 2.4639; -340.835062; -0.698990; 762.385158; 0.0014890335; 44.147783; 0.0092858030;
17; 158; 2.4739; -340.834952; -0.699455; 761.752142; 0.0014877972; 44.129249; 0.0092838537;
17; 159; 2.4840; -340.834841; -0.699823; 761.196651; 0.0014867122; 44.105527; 0.0092813580;
17; 160; 2.4940; -340.834733; -0.700145; 760.663929; 0.0014856717; 44.079836; 0.0092786545;
17; 161; 2.5040; -340.834627; -0.700440; 760.149349; 0.0014846667; 44.053148; 0.0092758453;
17; 162; 2.5140; -340.834539; -0.700313; 759.546864; 0.0014834900; 44.006901; 0.0092709750;
17; 163; 2.5241; -340.834435; -0.700750; 758.998207; 0.0014824184; 43.988438; 0.0092690301;
17; 164; 2.5341; -340.834331; -0.701083; 758.522799; 0.0014814898; 43.964225; 0.0092664786;
17; 165; 2.5441; -340.834229; -0.701376; 758.085897; 0.0014806365; 43.938128; 0.0092637280;
17; 166; 2.5541; -340.834145; -0.701246; 757.412241; 0.0014793208; 43.892255; 0.0092588909;
17; 167; 2.5642; -340.834046; -0.701669; 756.987101; 0.0014784904; 43.873972; 0.0092569624;
17; 168; 2.5742; -340.833946; -0.701987; 756.602116; 0.0014777385; 43.849884; 0.0092544208;
17; 169; 2.5842; -340.833848; -0.702264; 756.204749; 0.0014769624; 43.823881; 0.0092516765;
17; 170; 2.5942; -340.833769; -0.702109; 755.459838; 0.0014755075; 43.777733; 0.0092468041;
17; 171; 2.6043; -340.833673; -0.702520; 755.093307; 0.0014747916; 43.759749; 0.0092449045;
17; 172; 2.6143; -340.833577; -0.702825; 754.718237; 0.0014740591; 43.735864; 0.0092423812;
17; 173; 2.6243; -340.833483; -0.703088; 754.322938; 0.0014732870; 43.710076; 0.0092396560;
17; 174; 2.6343; -340.833408; -0.702912; 753.555998; 0.0014717891; 43.664121; 0.0092347976;
17; 175; 2.6444; -340.833316; -0.703311; 753.194782; 0.0014710836; 43.646423; 0.0092329258;
17; 176; 2.6544; -340.833223; -0.703602; 752.816217; 0.0014703442; 43.622822; 0.0092304293;
17; 177; 2.6644; -340.833133; -0.703851; 752.410899; 0.0014695525; 43.597332; 0.0092277321;
17; 178; 2.6744; -340.833062; -0.703658; 751.631183; 0.0014680297; 43.551656; 0.0092228970;
17; 179; 2.6845; -340.832973; -0.704042; 751.261743; 0.0014673081; 43.534232; 0.0092210518;
17; 180; 2.6945; -340.832884; -0.704322; 750.875628; 0.0014665540; 43.510915; 0.0092185821;
17; 181; 2.7045; -340.832812; -0.704175; 750.158233; 0.0014651528; 43.467977; 0.0092140323;
17; 182; 2.7145; -340.832725; -0.704551; 749.789991; 0.0014644336; 43.450559; 0.0092121861;
17; 183; 2.7246; -340.832638; -0.704822; 749.401567; 0.0014636749; 43.427294; 0.0092097195;
17; 184; 2.7346; -340.832568; -0.704670; 748.683620; 0.0014622727; 43.384435; 0.0092051738;
17; 185; 2.7446; -340.832484; -0.705036; 748.313181; 0.0014615492; 43.366819; 0.0092033047;
17; 186; 2.7546; -340.832399; -0.705299; 747.910084; 0.0014607619; 43.343283; 0.0092008070;
17; 187; 2.7647; -340.832331; -0.705132; 747.183393; 0.0014593426; 43.299708; 0.0091961809;
17; 188; 2.7747; -340.832249; -0.705493; 746.805593; 0.0014586047; 43.281739; 0.0091942725;
17; 189; 2.7847; -340.832166; -0.705750; 746.401988; 0.0014578164; 43.257806; 0.0091917301;
17; 190; 2.7947; -340.832102; -0.706242; 682.707254; 0.0013334126; 43.017830; 0.0091661988;
17; 191; 2.8048; -340.832022; -0.705924; 745.307753; 0.0014556792; 43.195230; 0.0091850794;
17; 192; 2.8148; -340.831941; -0.706173; 744.899789; 0.0014548824; 43.171152; 0.0091825190;
17; 193; 2.8248; -340.831879; -0.705989; 744.184842; 0.0014534860; 43.126432; 0.0091777619;
17; 194; 2.8348; -340.831801; -0.706332; 743.799313; 0.0014527330; 43.108438; 0.0091758470;
17; 195; 2.8449; -340.831722; -0.706573; 743.387686; 0.0014519291; 43.084489; 0.0091732978;
17; 196; 2.8549; -340.831662; -0.706379; 742.683248; 0.0014505532; 43.039857; 0.0091685452;
17; 197; 2.8649; -340.831586; -0.706718; 742.297558; 0.0014497999; 43.022118; 0.0091666555;
17; 198; 2.8749; -340.831510; -0.706952; 741.886258; 0.0014489966; 42.998459; 0.0091641347;
17; 199; 2.8850; -340.831452; -0.706750; 741.193161; 0.0014476429; 42.954056; 0.0091594017;
17; 200; 2.8950; -340.831379; -0.707084; 740.820382; 0.0014469148; 42.936645; 0.0091575452;
17; 201; 2.9050; -340.831304; -0.707312; 740.415452; 0.0014461239; 42.913261; 0.0091550513;
17; 202; 2.9150; -340.831249; -0.707101; 739.719698; 0.0014447650; 42.869070; 0.0091503362;
17; 203; 2.9251; -340.831177; -0.707429; 739.340572; 0.0014440246; 42.851882; 0.0091485016;
17; 204; 2.9351; -340.831105; -0.707650; 738.931089; 0.0014432248; 42.828726; 0.0091460295;
17; 205; 2.9451; -340.831052; -0.707438; 738.236796; 0.0014418687; 42.784647; 0.0091413218;
17; 206; 2.9551; -340.830982; -0.707756; 737.847035; 0.0014411075; 42.767617; 0.0091395023;
17; 207; 2.9652; -340.830912; -0.707971; 737.434281; 0.0014403013; 42.744561; 0.0091370384;
17; 208; 2.9752; -340.830861; -0.707749; 736.741839; 0.0014389489; 42.700535; 0.0091323317;
17; 209; 2.9852; -340.830793; -0.708064; 736.346559; 0.0014381769; 42.683590; 0.0091305195;
17; 210; 2.9952; -340.830725; -0.708273; 735.934508; 0.0014373721; 42.660603; 0.0091280606;
17; 211; 3.0053; -340.830676; -0.708048; 735.243484; 0.0014360224; 42.616617; 0.0091233535;
17; 212; 3.0153; -340.830610; -0.708355; 734.851341; 0.0014352565; 42.599799; 0.0091215532;
17; 213; 3.0253; -340.830543; -0.708560; 734.436701; 0.0014344467; 42.576922; 0.0091191036;
17; 214; 3.0353; -340.830497; -0.708329; 733.753114; 0.0014331115; 42.533195; 0.0091144197;
17; 215; 3.0454; -340.830433; -0.708631; 733.354732; 0.0014323335; 42.516504; 0.0091126312;
17; 216; 3.0554; -340.830368; -0.708833; 732.935860; 0.0014315154; 42.493818; 0.0091101997;
17; 217; 3.0654; -340.830323; -0.708595; 732.258599; 0.0014301926; 42.450531; 0.0091055584;
17; 218; 3.0754; -340.830261; -0.708893; 731.855256; 0.0014294048; 42.434018; 0.0091037873;
17; 219; 3.0855; -340.830198; -0.709089; 731.432069; 0.0014285783; 42.411586; 0.0091013806;
17; 220; 3.0955; -340.830156; -0.708848; 730.760520; 0.0014272666; 42.368829; 0.0090967917;
17; 221; 3.1055; -340.830096; -0.709141; 730.354658; 0.0014264739; 42.352523; 0.0090950410;
17; 222; 3.1155; -340.830034; -0.709332; 729.933467; 0.0014256513; 42.330348; 0.0090926598;
17; 223; 3.1256; -340.829994; -0.709085; 729.260203; 0.0014243363; 42.288080; 0.0090881189;
17; 224; 3.1356; -340.829936; -0.709376; 728.858242; 0.0014235513; 42.271916; 0.0090863819;
17; 225; 3.1456; -340.829876; -0.709563; 728.436141; 0.0014227268; 42.249892; 0.0090840145;
17; 226; 3.1556; -340.829838; -0.709315; 727.764044; 0.0014214141; 42.207773; 0.0090794855;
17; 227; 3.1657; -340.829781; -0.709599; 727.364579; 0.0014206339; 42.191540; 0.0090777394;
17; 228; 3.1757; -340.829724; -0.709783; 726.937981; 0.0014198007; 42.169408; 0.0090753581;
17; 229; 3.1857; -340.829687; -0.709530; 726.269752; 0.0014184956; 42.126751; 0.0090707669;
17; 230; 3.1957; -340.829633; -0.709813; 725.861199; 0.0014176977; 42.110183; 0.0090689829;
17; 231; 3.2058; -340.829577; -0.709990; 725.438989; 0.0014168730; 42.087615; 0.0090665524;
17; 232; 3.2158; -340.829542; -0.709732; 724.767965; 0.0014155624; 42.044048; 0.0090618586;
17; 233; 3.2258; -340.829489; -0.710012; 724.366708; 0.0014147787; 42.027195; 0.0090600422;
17; 234; 3.2358; -340.829435; -0.710189; 723.939922; 0.0014139452; 42.004354; 0.0090575799;
17; 235; 3.2459; -340.829403; -0.709930; 723.263693; 0.0014126244; 41.960254; 0.0090528240;
17; 236; 3.2559; -340.829351; -0.710207; 722.861541; 0.0014118389; 41.943424; 0.0090510083;
17; 237; 3.2659; -340.829299; -0.710377; 722.437117; 0.0014110100; 41.920626; 0.0090485480;
17; 238; 3.2759; -340.829268; -0.710115; 721.765409; 0.0014096981; 41.876474; 0.0090437817;
17; 239; 3.2860; -340.829219; -0.710385; 721.368253; 0.0014089224; 41.859872; 0.0090419888;
17; 240; 3.2960; -340.829168; -0.710556; 720.951277; 0.0014081080; 41.837315; 0.0090395523;
17; 241; 3.3060; -340.829139; -0.710292; 720.283917; 0.0014068045; 41.793419; 0.0090348088;
17; 242; 3.3160; -340.829091; -0.710558; 719.899646; 0.0014060540; 41.777054; 0.0090330398;
17; 243; 3.3261; -340.829042; -0.710725; 719.492593; 0.0014052590; 41.754743; 0.0090306275;
17; 244; 3.3361; -340.829014; -0.710457; 718.835214; 0.0014039750; 41.711173; 0.0090259147;
17; 245; 3.3461; -340.828968; -0.710721; 718.448612; 0.0014032199; 41.695071; 0.0090241723;
17; 246; 3.3561; -340.828921; -0.710886; 718.042342; 0.0014024264; 41.673032; 0.0090217870;
17; 247; 3.3662; -340.828895; -0.710616; 717.384983; 0.0014011425; 41.629719; 0.0090170974;
17; 248; 3.3762; -340.828850; -0.710877; 717.001648; 0.0014003938; 41.613787; 0.0090153718;
17; 249; 3.3862; -340.828804; -0.711038; 716.595848; 0.0013996013; 41.591874; 0.0090129977;
17; 250; 3.3962; -340.828780; -0.710764; 715.945568; 0.0013983312; 41.548677; 0.0090083161;
17; 251; 3.4063; -340.828736; -0.711026; 715.559845; 0.0013975778; 41.532902; 0.0090066058;
17; 252; 3.4163; -340.828692; -0.711183; 715.152967; 0.0013967831; 41.511102; 0.0090042418;
17; 253; 3.4263; -340.828669; -0.710910; 714.502010; 0.0013955117; 41.468275; 0.0089995958;
17; 254; 3.4363; -340.828627; -0.711168; 714.114979; 0.0013947558; 41.452489; 0.0089978827;
17; 255; 3.4464; -340.828598; -0.710994; 713.523872; 0.0013936013; 41.414687; 0.0089937790;
17; 256; 3.4564; -340.828557; -0.711249; 713.150108; 0.0013928713; 41.398880; 0.0089920624;
17; 257; 3.4664; -340.828529; -0.711082; 712.567323; 0.0013917331; 41.361676; 0.0089880211;
17; 258; 3.4764; -340.828489; -0.711337; 712.190438; 0.0013909969; 41.345901; 0.0089863069;
17; 259; 3.4865; -340.828461; -0.711170; 711.604173; 0.0013898519; 41.308961; 0.0089822917;
17; 260; 3.4965; -340.828422; -0.711422; 711.220564; 0.0013891027; 41.293290; 0.0089805878;
17; 261; 3.5065; -340.828395; -0.711252; 710.638638; 0.0013879661; 41.256673; 0.0089766051;
17; 262; 3.5165; -340.828357; -0.711505; 710.258741; 0.0013872241; 41.241136; 0.0089749147;
17; 263; 3.5266; -340.828331; -0.711335; 709.676811; 0.0013860875; 41.204919; 0.0089709730;
17; 264; 3.5366; -340.828294; -0.711586; 709.296121; 0.0013853440; 41.189497; 0.0089692941;
17; 265; 3.5466; -340.828269; -0.711415; 708.717475; 0.0013842138; 41.153594; 0.0089653841;
17; 266; 3.5566; -340.828233; -0.711665; 708.339513; 0.0013834756; 41.138300; 0.0089637181;
17; 267; 3.5667; -340.828209; -0.711494; 707.761489; 0.0013823467; 41.102633; 0.0089598315;
17; 268; 3.5767; -340.828173; -0.711740; 707.387812; 0.0013816168; 41.087428; 0.0089581740;
17; 269; 3.5867; -340.828150; -0.711569; 706.815011; 0.0013804981; 41.051920; 0.0089543024;
17; 270; 3.5967; -340.828115; -0.711815; 706.441436; 0.0013797684; 41.036696; 0.0089526419;
17; 271; 3.6068; -340.828093; -0.711639; 705.872864; 0.0013786579; 41.001060; 0.0089487538;
17; 272; 3.6168; -340.828059; -0.711886; 705.499580; 0.0013779289; 40.985688; 0.0089470762;
17; 273; 3.6268; -340.828037; -0.711709; 704.932341; 0.0013768210; 40.949656; 0.0089431425;
17; 274; 3.6368; -340.828004; -0.711955; 704.558041; 0.0013760899; 40.934049; 0.0089414380;
17; 275; 3.6469; -340.827983; -0.711778; 703.994446; 0.0013749892; 40.897438; 0.0089374386;
17; 276; 3.6569; -340.827950; -0.712022; 703.621656; 0.0013742610; 40.881603; 0.0089357082;
17; 277; 3.6669; -340.827930; -0.711844; 703.056407; 0.0013731570; 40.844477; 0.0089316499;
17; 278; 3.6769; -340.827898; -0.712087; 702.688671; 0.0013724388; 40.828563; 0.0089299097;
17; 279; 3.6870; -340.827878; -0.711908; 702.123187; 0.0013713344; 40.791241; 0.0089258272;
17; 280; 3.6970; -340.827847; -0.712151; 701.751874; 0.0013706091; 40.775357; 0.0089240893;
17; 281; 3.7070; -340.827828; -0.711971; 701.190237; 0.0013695122; 40.737998; 0.0089200001;
17; 282; 3.7170; -340.827797; -0.712212; 700.824871; 0.0013687986; 40.722248; 0.0089182756;
17; 283; 3.7271; -340.827779; -0.712030; 700.262049; 0.0013676993; 40.684974; 0.0089141931;
17; 284; 3.7371; -340.827749; -0.712270; 699.898699; 0.0013669896; 40.669412; 0.0089124882;
17; 285; 3.7471; -340.827732; -0.712090; 699.339532; 0.0013658975; 40.632394; 0.0089084311;
17; 286; 3.7571; -340.827702; -0.712328; 698.982709; 0.0013652006; 40.617016; 0.0089067452;
17; 287; 3.7672; -340.827685; -0.712147; 698.430696; 0.0013641225; 40.580214; 0.0089027091;
17; 288; 3.7772; -340.827656; -0.712385; 698.073296; 0.0013634244; 40.565005; 0.0089010407;
17; 289; 3.7872; -340.827640; -0.712203; 697.526344; 0.0013623561; 40.528453; 0.0088970295;
17; 290; 3.7972; -340.827611; -0.712440; 697.169881; 0.0013616599; 40.513378; 0.0088953748;
17; 291; 3.8073; -340.827596; -0.712256; 696.622584; 0.0013605910; 40.477035; 0.0088913840;
17; 292; 3.8173; -340.827568; -0.712493; 696.266538; 0.0013598956; 40.462072; 0.0088897404;
17; 293; 3.8273; -340.827553; -0.712312; 695.715759; 0.0013588198; 40.425927; 0.0088857689;
17; 294; 3.8373; -340.827526; -0.712546; 695.361826; 0.0013581286; 40.411031; 0.0088841316;
17; 295; 3.8474; -340.827511; -0.712361; 694.810638; 0.0013570520; 40.375052; 0.0088801759;
17; 296; 3.8574; -340.827484; -0.712596; 694.454094; 0.0013563557; 40.360156; 0.0088785376;
17; 297; 3.8674; -340.827470; -0.712414; 693.903000; 0.0013552793; 40.324321; 0.0088745951;
17; 298; 3.8774; -340.827444; -0.712646; 693.546987; 0.0013545840; 40.309437; 0.0088729571;
17; 299; 3.8875; -340.827431; -0.712462; 692.994889; 0.0013535056; 40.273681; 0.0088690209;
17; 300; 3.8975; -340.827405; -0.712694; 692.642512; 0.0013528174; 40.258824; 0.0088673850;
17; 301; 3.9075; -340.827392; -0.712511; 692.095789; 0.0013517496; 40.223301; 0.0088634719;
17; 302; 3.9175; -340.827367; -0.712741; 691.743624; 0.0013510618; 40.208451; 0.0088618357;
17; 303; 3.9276; -340.827354; -0.712555; 691.195630; 0.0013499915; 40.173149; 0.0088579445;
17; 304; 3.9376; -340.827330; -0.712788; 690.841776; 0.0013493003; 40.158378; 0.0088563159;
17; 305; 3.9476; -340.827318; -0.712604; 690.302020; 0.0013482461; 40.123387; 0.0088524567;
17; 306; 3.9576; -340.827294; -0.712833; 689.946573; 0.0013475519; 40.108707; 0.0088508372;
17; 307; 3.9677; -340.827282; -0.712649; 689.415573; 0.0013465148; 40.074033; 0.0088470105;
17; 308; 3.9777; -340.827258; -0.712878; 689.060803; 0.0013458219; 40.059474; 0.0088454033;
17; 309; 3.9877; -340.827247; -0.712692; 688.528616; 0.0013447825; 40.025107; 0.0088416083;
17; 310; 3.9977; -340.827224; -0.712921; 688.174115; 0.0013440901; 40.010692; 0.0088400160;
17; 311; 4.0078; -340.827213; -0.712735; 687.640615; 0.0013430481; 39.976652; 0.0088362548;
17; 312; 4.0178; -340.827190; -0.712963; 687.284606; 0.0013423527; 39.962356; 0.0088346747;
17; 313; 4.0278; -340.827180; -0.712776; 686.755773; 0.0013413199; 39.928552; 0.0088309373;
17; 314; 4.0378; -340.827157; -0.713004; 686.394813; 0.0013406149; 39.914329; 0.0088293643;
17; 315; 4.0479; -340.827147; -0.712814; 685.866473; 0.0013395830; 39.880623; 0.0088256355;
17; 316; 4.0579; -340.827125; -0.713043; 685.507445; 0.0013388817; 39.866411; 0.0088240628;
17; 317; 4.0679; -340.827115; -0.712856; 684.984099; 0.0013378596; 39.832590; 0.0088203190;
17; 318; 4.0779; -340.827093; -0.713082; 684.627120; 0.0013371623; 39.818260; 0.0088187323;
17; 319; 4.0880; -340.827084; -0.712891; 684.102363; 0.0013361374; 39.784051; 0.0088149433;
17; 320; 4.0980; -340.827062; -0.713120; 683.744317; 0.0013354381; 39.769491; 0.0088133301;
17; 321; 4.1080; -340.827053; -0.712931; 683.213660; 0.0013344017; 39.734670; 0.0088094709;
17; 322; 4.1180; -340.827032; -0.713157; 682.861071; 0.0013337130; 39.719872; 0.0088078303;
17; 323; 4.1281; -340.827023; -0.712968; 682.332963; 0.0013326816; 39.684485; 0.0088039060;
17; 324; 4.1381; -340.827002; -0.713193; 681.981950; 0.0013319960; 39.669560; 0.0088022502;
17; 325; 4.1481; -340.826994; -0.713004; 681.456509; 0.0013309697; 39.633844; 0.0087982868;
17; 326; 4.1581; -340.826973; -0.713230; 681.110182; 0.0013302933; 39.618922; 0.0087966305;
17; 327; 4.1682; -340.826965; -0.713039; 680.582150; 0.0013292620; 39.583124; 0.0087926554;
17; 328; 4.1782; -340.826945; -0.713265; 680.242578; 0.0013285988; 39.568321; 0.0087910112;
17; 329; 4.1882; -340.826937; -0.713074; 679.718489; 0.0013275752; 39.532615; 0.0087870437;
17; 330; 4.1982; -340.826917; -0.713298; 679.381368; 0.0013269167; 39.517964; 0.0087854154;
17; 331; 4.2083; -340.826910; -0.713108; 678.863892; 0.0013259060; 39.482516; 0.0087814743;
17; 332; 4.2183; -340.826890; -0.713332; 678.524735; 0.0013252436; 39.468052; 0.0087798656;
17; 333; 4.2283; -340.826883; -0.713141; 678.008324; 0.0013242350; 39.432850; 0.0087759492;
17; 334; 4.2383; -340.826864; -0.713365; 677.679340; 0.0013235925; 39.418574; 0.0087743605;
17; 335; 4.2484; -340.826857; -0.713174; 677.170996; 0.0013225996; 39.383695; 0.0087704777;
17; 336; 4.2584; -340.826838; -0.713397; 676.843407; 0.0013219598; 39.369589; 0.0087689069;
17; 337; 4.2684; -340.826831; -0.713206; 676.338103; 0.0013209729; 39.335032; 0.0087650576;
17; 338; 4.2784; -340.826813; -0.713428; 676.013243; 0.0013203384; 39.321078; 0.0087635027;
17; 339; 4.2885; -340.826807; -0.713238; 675.513521; 0.0013193623; 39.286843; 0.0087596869;
17; 340; 4.2985; -340.826788; -0.713460; 675.189470; 0.0013187294; 39.273003; 0.0087581438;
17; 341; 4.3085; -340.826782; -0.713266; 674.691837; 0.0013177575; 39.239049; 0.0087543571;
17; 342; 4.3185; -340.826764; -0.713491; 674.370310; 0.0013171295; 39.225295; 0.0087528227;
17; 343; 4.3286; -340.826759; -0.713298; 673.864890; 0.0013161424; 39.191577; 0.0087490599;
17; 344; 4.3386; -340.826741; -0.713521; 673.542148; 0.0013155120; 39.177866; 0.0087475293;
17; 345; 4.3486; -340.826736; -0.713328; 673.037731; 0.0013145268; 39.144365; 0.0087437886;
17; 346; 4.3586; -340.826718; -0.713549; 672.708648; 0.0013138841; 39.130656; 0.0087422573;
17; 347; 4.3687; -340.826713; -0.713354; 672.209789; 0.0013129097; 39.097298; 0.0087385302;
17; 348; 4.3787; -340.826695; -0.713577; 671.875899; 0.0013122576; 39.083585; 0.0087369976;
17; 349; 4.3887; -340.826691; -0.713382; 671.378727; 0.0013112866; 39.050393; 0.0087332868;
17; 350; 4.3987; -340.826673; -0.713606; 671.048749; 0.0013106421; 39.036686; 0.0087317540;
17; 351; 4.4088; -340.826669; -0.713408; 670.546969; 0.0013096620; 39.003638; 0.0087280571;
17; 352; 4.4188; -340.826652; -0.713632; 670.219993; 0.0013090234; 38.989968; 0.0087265274;
17; 353; 4.4288; -340.826647; -0.713439; 669.717568; 0.0013080421; 38.957199; 0.0087228595;
17; 354; 4.4388; -340.826630; -0.713658; 669.388000; 0.0013073984; 38.943562; 0.0087213327;
17; 355; 4.4489; -340.826626; -0.713465; 668.887566; 0.0013064210; 38.910944; 0.0087176796;
17; 356; 4.4589; -340.826609; -0.713684; 668.555031; 0.0013057715; 38.897389; 0.0087161610;
17; 357; 4.4689; -340.826605; -0.713490; 668.053748; 0.0013047925; 38.864963; 0.0087125273;
17; 358; 4.4789; -340.826588; -0.713709; 667.721981; 0.0013041445; 38.851489; 0.0087110169;
17; 359; 4.4890; -340.826585; -0.713512; 667.223649; 0.0013031712; 38.819255; 0.0087074024;
17; 360; 4.4990; -340.826568; -0.713734; 666.889524; 0.0013025186; 38.805860; 0.0087059001;
17; 361; 4.5090; -340.826564; -0.713536; 666.398464; 0.0013015595; 38.773760; 0.0087022986;
17; 362; 4.5190; -340.826548; -0.713759; 666.069585; 0.0013009172; 38.760441; 0.0087008038;
17; 363; 4.5291; -340.826545; -0.713561; 665.579181; 0.0012999593; 38.728412; 0.0086972082;
17; 364; 4.5391; -340.826529; -0.713782; 665.247683; 0.0012993119; 38.715112; 0.0086957146;
17; 365; 4.5491; -340.826525; -0.713587; 664.757366; 0.0012983542; 38.682990; 0.0086921065;
17; 366; 4.5591; -340.826509; -0.713806; 664.432894; 0.0012977205; 38.669628; 0.0086906051;
17; 367; 4.5692; -340.826506; -0.713608; 663.950366; 0.0012967781; 38.637201; 0.0086869605;
17; 368; 4.5792; -340.826491; -0.713829; 663.623540; 0.0012961397; 38.623670; 0.0086854393;
17; 369; 4.5892; -340.826488; -0.713633; 663.135865; 0.0012951872; 38.590716; 0.0086817332;
17; 370; 4.5992; -340.826472; -0.713851; 662.808447; 0.0012945477; 38.576929; 0.0086801823;
17; 371; 4.6093; -340.826469; -0.713656; 662.323981; 0.0012936015; 38.543361; 0.0086764049;
17; 372; 4.6193; -340.826454; -0.713874; 662.000678; 0.0012929701; 38.529393; 0.0086748326;
17; 373; 4.6293; -340.826451; -0.713678; 661.516550; 0.0012920245; 38.495361; 0.0086710006;
17; 374; 4.6393; -340.826436; -0.713896; 661.201588; 0.0012914094; 38.481345; 0.0086694219;
17; 375; 4.6494; -340.826434; -0.713700; 660.711943; 0.0012904530; 38.447120; 0.0086655659;
17; 376; 4.6594; -340.826419; -0.713917; 660.399628; 0.0012898430; 38.433159; 0.0086639924;
17; 377; 4.6694; -340.826417; -0.713719; 659.911397; 0.0012888894; 38.398967; 0.0086601376;
17; 378; 4.6794; -340.826402; -0.713939; 659.595187; 0.0012882719; 38.385135; 0.0086585777;
17; 379; 4.6895; -340.826400; -0.713740; 659.106291; 0.0012873170; 38.351130; 0.0086547415;
17; 380; 4.6995; -340.826385; -0.713959; 658.792132; 0.0012867034; 38.337469; 0.0086531999;
17; 381; 4.7095; -340.826383; -0.713763; 658.301690; 0.0012857455; 38.303760; 0.0086493948;
17; 382; 4.7195; -340.826369; -0.713980; 657.990620; 0.0012851379; 38.290270; 0.0086478716;
17; 383; 4.7296; -340.826367; -0.713783; 657.500702; 0.0012841811; 38.256892; 0.0086441016;
17; 384; 4.7396; -340.826353; -0.714000; 657.190593; 0.0012835754; 38.243590; 0.0086425987;
17; 385; 4.7496; -340.826351; -0.713801; 656.711097; 0.0012826389; 38.210585; 0.0086388685;
17; 386; 4.7596; -340.826337; -0.714022; 656.407138; 0.0012820452; 38.197431; 0.0086373814;
17; 387; 4.7697; -340.826336; -0.713821; 655.927270; 0.0012811079; 38.164798; 0.0086336910;
17; 388; 4.7797; -340.826322; -0.714040; 655.624677; 0.0012805169; 38.151785; 0.0086322190;
17; 389; 4.7897; -340.826320; -0.713840; 655.150085; 0.0012795900; 38.119518; 0.0086285679;
17; 390; 4.7997; -340.826306; -0.714059; 654.848747; 0.0012790015; 38.106615; 0.0086271074;
17; 391; 4.8098; -340.826305; -0.713859; 654.377777; 0.0012780816; 38.074674; 0.0086234910;
17; 392; 4.8198; -340.826291; -0.714077; 654.074803; 0.0012774898; 38.061842; 0.0086220377;
17; 393; 4.8298; -340.826290; -0.713880; 653.607914; 0.0012765780; 38.030192; 0.0086184522;
17; 394; 4.8398; -340.826277; -0.714096; 653.311258; 0.0012759986; 38.017395; 0.0086170020;
17; 395; 4.8499; -340.826276; -0.713895; 652.841555; 0.0012750812; 37.985962; 0.0086134391;
17; 396; 4.8599; -340.826262; -0.714113; 652.540586; 0.0012744933; 37.973175; 0.0086119892;
17; 397; 4.8699; -340.826261; -0.713915; 652.069969; 0.0012735742; 37.941910; 0.0086084432;
17; 398; 4.8799; -340.826248; -0.714132; 651.776253; 0.0012730005; 37.929122; 0.0086069923;
17; 399; 4.8900; -340.826247; -0.713933; 651.303308; 0.0012720768; 37.897994; 0.0086034597;
17; 400; 4.9000; -340.826234; -0.714148; 651.005414; 0.0012714949; 37.885201; 0.0086020075;
