26; 1; 0.9000; -340.398846; -0.487413; 992.898453; 0.0019392548; 48.116802; 0.0096942317;
26; 2; 0.9100; -340.432213; -0.486890; 993.381839; 0.0019401989; 48.123005; 0.0096948566;
26; 3; 0.9201; -340.463584; -0.486372; 993.208396; 0.0019398601; 48.098500; 0.0096923879;
26; 4; 0.9301; -340.493077; -0.485760; 993.738223; 0.0019408950; 48.088642; 0.0096913946;
26; 5; 0.9401; -340.520810; -0.485199; 993.645769; 0.0019407144; 48.072672; 0.0096897852;
26; 6; 0.9501; -340.546853; -0.484662; 993.518141; 0.0019404651; 48.050851; 0.0096875858;
26; 7; 0.9602; -340.571317; -0.484042; 993.918908; 0.0019412479; 48.043583; 0.0096868531;
26; 8; 0.9702; -340.594278; -0.483449; 994.062476; 0.0019415283; 48.028278; 0.0096853101;
26; 9; 0.9802; -340.615820; -0.482916; 993.691233; 0.0019408032; 47.992480; 0.0096816999;
26; 10; 0.9902; -340.636025; -0.482302; 994.010862; 0.0019414275; 47.986515; 0.0096810982;
26; 11; 1.0003; -340.654960; -0.481762; 993.871628; 0.0019411555; 47.962093; 0.0096786344;
26; 12; 1.0103; -340.672697; -0.481143; 994.261487; 0.0019419170; 47.953870; 0.0096778046;
26; 13; 1.0203; -340.689301; -0.480604; 993.813359; 0.0019410417; 47.914471; 0.0096738282;
26; 14; 1.0303; -340.704840; -0.480010; 994.020106; 0.0019414455; 47.905549; 0.0096729274;
26; 15; 1.0404; -340.719361; -0.479471; 993.825585; 0.0019410656; 47.878922; 0.0096702388;
26; 16; 1.0504; -340.732927; -0.478919; 994.217282; 0.0019418306; 47.855980; 0.0096679218;
26; 17; 1.0604; -340.745589; -0.478362; 993.690397; 0.0019408016; 47.835797; 0.0096658828;
26; 18; 1.0704; -340.757405; -0.477748; 994.011524; 0.0019414288; 47.822233; 0.0096645123;
26; 19; 1.0805; -340.768407; -0.477216; 993.735979; 0.0019408906; 47.793162; 0.0096615743;
26; 20; 1.0905; -340.778647; -0.476676; 993.657827; 0.0019407379; 47.772451; 0.0096594807;
26; 21; 1.1005; -340.788168; -0.476134; 993.539607; 0.0019405070; 47.748562; 0.0096570653;
26; 22; 1.1105; -340.797016; -0.475540; 993.801638; 0.0019410188; 47.733315; 0.0096555233;
26; 23; 1.1206; -340.805216; -0.475032; 993.590050; 0.0019406056; 47.707896; 0.0096529521;
26; 24; 1.1306; -340.812810; -0.474503; 993.404073; 0.0019402423; 47.682821; 0.0096504150;
26; 25; 1.1406; -340.819832; -0.473980; 993.310353; 0.0019400593; 47.661166; 0.0096482234;
26; 26; 1.1506; -340.826316; -0.473458; 993.193765; 0.0019398316; 47.637859; 0.0096458640;
26; 27; 1.1607; -340.832297; -0.472899; 993.406026; 0.0019402461; 47.621185; 0.0096441758;
26; 28; 1.1707; -340.837791; -0.472410; 993.139541; 0.0019397257; 47.594168; 0.0096414397;
26; 29; 1.1807; -340.842833; -0.471914; 992.948015; 0.0019393516; 47.569882; 0.0096389795;
26; 30; 1.1907; -340.847450; -0.471410; 992.787723; 0.0019390385; 47.546572; 0.0096366175;
26; 31; 1.2008; -340.851665; -0.470926; 992.645895; 0.0019387615; 47.523235; 0.0096342523;
26; 32; 1.2108; -340.855503; -0.470443; 992.501398; 0.0019384793; 47.499904; 0.0096318871;
26; 33; 1.2208; -340.858986; -0.469960; 992.347808; 0.0019381793; 47.476478; 0.0096295118;
26; 34; 1.2308; -340.862135; -0.469490; 992.190231; 0.0019378715; 47.452926; 0.0096271229;
26; 35; 1.2409; -340.864969; -0.469026; 992.023344; 0.0019375456; 47.429292; 0.0096247252;
26; 36; 1.2509; -340.867508; -0.468568; 991.845413; 0.0019371981; 47.405592; 0.0096223203;
26; 37; 1.2609; -340.869771; -0.468123; 991.666015; 0.0019368477; 47.381767; 0.0096199019;
26; 38; 1.2709; -340.871774; -0.467679; 991.470863; 0.0019364665; 47.357872; 0.0096174759;
26; 39; 1.2810; -340.873534; -0.467254; 991.273305; 0.0019360807; 47.333919; 0.0096150434;
26; 40; 1.2910; -340.875066; -0.466827; 991.059860; 0.0019356638; 47.309876; 0.0096126012;
26; 41; 1.3010; -340.876385; -0.466412; 990.839022; 0.0019352325; 47.285779; 0.0096101528;
26; 42; 1.3110; -340.877506; -0.466005; 990.608234; 0.0019347817; 47.261627; 0.0096076982;
26; 43; 1.3211; -340.878441; -0.465616; 990.372565; 0.0019343214; 47.237377; 0.0096052331;
26; 44; 1.3311; -340.879204; -0.465230; 990.123780; 0.0019338355; 47.213107; 0.0096027653;
26; 45; 1.3411; -340.879807; -0.464855; 989.865277; 0.0019333306; 47.188803; 0.0096002932;
26; 46; 1.3511; -340.880261; -0.464486; 989.595117; 0.0019328030; 47.164474; 0.0095978182;
26; 47; 1.3612; -340.880576; -0.464134; 989.319783; 0.0019322652; 47.140055; 0.0095953333;
26; 48; 1.3712; -340.880765; -0.463790; 989.030923; 0.0019317010; 47.115601; 0.0095928441;
26; 49; 1.3812; -340.880835; -0.463452; 988.730284; 0.0019311138; 47.091102; 0.0095903498;
26; 50; 1.3912; -340.880797; -0.463130; 988.421635; 0.0019305110; 47.066527; 0.0095878470;
26; 51; 1.4013; -340.880660; -0.462820; 988.103322; 0.0019298893; 47.041966; 0.0095853450;
26; 52; 1.4113; -340.880431; -0.462521; 987.774269; 0.0019292466; 47.017360; 0.0095828379;
26; 53; 1.4213; -340.880119; -0.462234; 987.434916; 0.0019285838; 46.992734; 0.0095803279;
26; 54; 1.4313; -340.879731; -0.461957; 987.082999; 0.0019278965; 46.968048; 0.0095778112;
26; 55; 1.4414; -340.879275; -0.461694; 986.722398; 0.0019271922; 46.943364; 0.0095752941;
26; 56; 1.4514; -340.878757; -0.461444; 986.351603; 0.0019264680; 46.918628; 0.0095727710;
26; 57; 1.4614; -340.878183; -0.461207; 985.970841; 0.0019257243; 46.893849; 0.0095702428;
26; 58; 1.4714; -340.877560; -0.460983; 985.578019; 0.0019249571; 46.869042; 0.0095677112;
26; 59; 1.4815; -340.876893; -0.460771; 985.174262; 0.0019241685; 46.844190; 0.0095651742;
26; 60; 1.4915; -340.876188; -0.460573; 984.758545; 0.0019233565; 46.819301; 0.0095626329;
26; 61; 1.5015; -340.875449; -0.460390; 984.334050; 0.0019225274; 46.794386; 0.0095600882;
26; 62; 1.5115; -340.874681; -0.460220; 983.897193; 0.0019216742; 46.769411; 0.0095575366;
26; 63; 1.5216; -340.873889; -0.460063; 983.450505; 0.0019208018; 46.744358; 0.0095549764;
26; 64; 1.5316; -340.873077; -0.459920; 982.988798; 0.0019199000; 46.719267; 0.0095524117;
26; 65; 1.5416; -340.872248; -0.459789; 982.513869; 0.0019189724; 46.694164; 0.0095498450;
26; 66; 1.5516; -340.871406; -0.459674; 982.030313; 0.0019180280; 46.669012; 0.0095472726;
26; 67; 1.5617; -340.870555; -0.459575; 981.533097; 0.0019170568; 46.643842; 0.0095446977;
26; 68; 1.5717; -340.869696; -0.459490; 981.025813; 0.0019160660; 46.618592; 0.0095421139;
26; 69; 1.5817; -340.868834; -0.459418; 980.507004; 0.0019150527; 46.593252; 0.0095395202;
26; 70; 1.5917; -340.867970; -0.459360; 979.976109; 0.0019140158; 46.567861; 0.0095369206;
26; 71; 1.6018; -340.867108; -0.459318; 979.432872; 0.0019129548; 46.542421; 0.0095343152;
26; 72; 1.6118; -340.866249; -0.459289; 978.878172; 0.0019118714; 46.516900; 0.0095317009;
26; 73; 1.6218; -340.865395; -0.459289; 978.319010; 0.0019107793; 46.491301; 0.0095290777;
26; 74; 1.6318; -340.864547; -0.459274; 977.733036; 0.0019096348; 46.465643; 0.0095264478;
26; 75; 1.6419; -340.863709; -0.459287; 977.143211; 0.0019084828; 46.439886; 0.0095238072;
26; 76; 1.6519; -340.862880; -0.459315; 976.542924; 0.0019073104; 46.414059; 0.0095211585;
26; 77; 1.6619; -340.862063; -0.459355; 975.931096; 0.0019061154; 46.388147; 0.0095185004;
26; 78; 1.6719; -340.861258; -0.459409; 975.308051; 0.0019048985; 46.362166; 0.0095158344;
26; 79; 1.6820; -340.860466; -0.459476; 974.674436; 0.0019036610; 46.336079; 0.0095131569;
26; 80; 1.6920; -340.859688; -0.459557; 974.029946; 0.0019024022; 46.309952; 0.0095104745;
26; 81; 1.7020; -340.858925; -0.459649; 973.374972; 0.0019011230; 46.283748; 0.0095077834;
26; 82; 1.7120; -340.858178; -0.459754; 972.710855; 0.0018998259; 46.257459; 0.0095050828;
26; 83; 1.7221; -340.857446; -0.459872; 972.036446; 0.0018985087; 46.231071; 0.0095023713;
26; 84; 1.7321; -340.856730; -0.460000; 971.352503; 0.0018971729; 46.204611; 0.0094996516;
26; 85; 1.7421; -340.856032; -0.460140; 970.656855; 0.0018958142; 46.178069; 0.0094969227;
26; 86; 1.7521; -340.855349; -0.460290; 969.957163; 0.0018944476; 46.151465; 0.0094941867;
26; 87; 1.7622; -340.854684; -0.460450; 969.246922; 0.0018930604; 46.124734; 0.0094914367;
26; 88; 1.7722; -340.854035; -0.460621; 968.528342; 0.0018916569; 46.097953; 0.0094886808;
26; 89; 1.7822; -340.853404; -0.460801; 967.801957; 0.0018902382; 46.071082; 0.0094859150;
26; 90; 1.7922; -340.852789; -0.460990; 967.068556; 0.0018888058; 46.044149; 0.0094831418;
26; 91; 1.8023; -340.852192; -0.461188; 966.328055; 0.0018873595; 46.017105; 0.0094803564;
26; 92; 1.8123; -340.851610; -0.461393; 965.581589; 0.0018859015; 45.990013; 0.0094775653;
26; 93; 1.8223; -340.851046; -0.461606; 964.828870; 0.0018844314; 45.962825; 0.0094747635;
26; 94; 1.8323; -340.850497; -0.461827; 964.071322; 0.0018829518; 45.935594; 0.0094719564;
26; 95; 1.8424; -340.849965; -0.462055; 963.308660; 0.0018814622; 45.908284; 0.0094691402;
26; 96; 1.8524; -340.849448; -0.462289; 962.541513; 0.0018799639; 45.880905; 0.0094663162;
26; 97; 1.8624; -340.848947; -0.462528; 961.769390; 0.0018784558; 45.853473; 0.0094634858;
26; 98; 1.8724; -340.848461; -0.462773; 960.993493; 0.0018769404; 45.825960; 0.0094606463;
26; 99; 1.8825; -340.847989; -0.463024; 960.213777; 0.0018754175; 45.798414; 0.0094578025;
26; 100; 1.8925; -340.847532; -0.463278; 959.430921; 0.0018738885; 45.770787; 0.0094549494;
26; 101; 1.9025; -340.847089; -0.463538; 958.645766; 0.0018723550; 45.743110; 0.0094520903;
26; 102; 1.9125; -340.846659; -0.463800; 957.857208; 0.0018708149; 45.715372; 0.0094492241;
26; 103; 1.9226; -340.846243; -0.464065; 957.066266; 0.0018692701; 45.687571; 0.0094463505;
26; 104; 1.9326; -340.845840; -0.464335; 956.273764; 0.0018677222; 45.659730; 0.0094434718;
26; 105; 1.9426; -340.845450; -0.464606; 955.479301; 0.0018661705; 45.631823; 0.0094405855;
26; 106; 1.9526; -340.845071; -0.464881; 954.683755; 0.0018646167; 45.603900; 0.0094376966;
26; 107; 1.9627; -340.844705; -0.465157; 953.887192; 0.0018630609; 45.575923; 0.0094348013;
26; 108; 1.9727; -340.844350; -0.465435; 953.089945; 0.0018615038; 45.547899; 0.0094319002;
26; 109; 1.9827; -340.844006; -0.465714; 952.291152; 0.0018599437; 45.519818; 0.0094289923;
26; 110; 1.9927; -340.843673; -0.465994; 951.492646; 0.0018583841; 45.491694; 0.0094260790;
26; 111; 2.0028; -340.843350; -0.466274; 950.693589; 0.0018568234; 45.463528; 0.0094231605;
26; 112; 2.0128; -340.843037; -0.466556; 949.895218; 0.0018552641; 45.435358; 0.0094202406;
26; 113; 2.0228; -340.842735; -0.466838; 949.097269; 0.0018537056; 45.407138; 0.0094173147;
26; 114; 2.0328; -340.842441; -0.467119; 948.299644; 0.0018521477; 45.378866; 0.0094143824;
26; 115; 2.0429; -340.842156; -0.467400; 947.502722; 0.0018505913; 45.350564; 0.0094114462;
26; 116; 2.0529; -340.841880; -0.467680; 946.706688; 0.0018490365; 45.322243; 0.0094085071;
26; 117; 2.0629; -340.841613; -0.467961; 945.912268; 0.0018474849; 45.293908; 0.0094055656;
26; 118; 2.0729; -340.841353; -0.468240; 945.118852; 0.0018459353; 45.265546; 0.0094026203;
26; 119; 2.0830; -340.841102; -0.468518; 944.326874; 0.0018443884; 45.237151; 0.0093996707;
26; 120; 2.0930; -340.840857; -0.468795; 943.536112; 0.0018428440; 45.208739; 0.0093967185;
26; 121; 2.1030; -340.840620; -0.469070; 942.747343; 0.0018413034; 45.180267; 0.0093937590;
26; 122; 2.1130; -340.840390; -0.469344; 941.959748; 0.0018397651; 45.151812; 0.0093908005;
26; 123; 2.1231; -340.840167; -0.469616; 941.173777; 0.0018382300; 45.123340; 0.0093878391;
26; 124; 2.1331; -340.839949; -0.469886; 940.389504; 0.0018366982; 45.094859; 0.0093848759;
26; 125; 2.1431; -340.839738; -0.470151; 939.607793; 0.0018351715; 45.066103; 0.0093818832;
26; 126; 2.1531; -340.839533; -0.470416; 938.826666; 0.0018336458; 45.037564; 0.0093789121;
26; 127; 2.1632; -340.839334; -0.470681; 938.047223; 0.0018321235; 45.009006; 0.0093759381;
26; 128; 2.1732; -340.839139; -0.470945; 937.269269; 0.0018306040; 44.980504; 0.0093729689;
26; 129; 2.1832; -340.838950; -0.471201; 936.497043; 0.0018290958; 44.951803; 0.0093699782;
26; 130; 2.1932; -340.838766; -0.471457; 935.726429; 0.0018275907; 44.923225; 0.0093669992;
26; 131; 2.2033; -340.838587; -0.471712; 934.957760; 0.0018260894; 44.894654; 0.0093640200;
26; 132; 2.2133; -340.838412; -0.471964; 934.191552; 0.0018245929; 44.866086; 0.0093610403;
26; 133; 2.2233; -340.838242; -0.472212; 933.429622; 0.0018231047; 44.837465; 0.0093580540;
26; 134; 2.2333; -340.838075; -0.472459; 932.668904; 0.0018216190; 44.808888; 0.0093550713;
26; 135; 2.2434; -340.837913; -0.472702; 931.910751; 0.0018201382; 44.780304; 0.0093520870;
26; 136; 2.2534; -340.837754; -0.472944; 931.155218; 0.0018186625; 44.751731; 0.0093491028;
26; 137; 2.2634; -340.837600; -0.473182; 930.401441; 0.0018171903; 44.723142; 0.0093461162;
26; 138; 2.2734; -340.837448; -0.473417; 929.650172; 0.0018157230; 44.694549; 0.0093431280;
26; 139; 2.2835; -340.837300; -0.473650; 928.900973; 0.0018142597; 44.665959; 0.0093401393;
26; 140; 2.2935; -340.837155; -0.473879; 928.154308; 0.0018128014; 44.637370; 0.0093371496;
26; 141; 2.3035; -340.837013; -0.474106; 927.409905; 0.0018113475; 44.608764; 0.0093341573;
26; 142; 2.3135; -340.836874; -0.474330; 926.668370; 0.0018098992; 44.580159; 0.0093311641;
26; 143; 2.3236; -340.836738; -0.474550; 925.929765; 0.0018084566; 44.551552; 0.0093281697;
26; 144; 2.3336; -340.836604; -0.474768; 925.193473; 0.0018070185; 44.522940; 0.0093251739;
26; 145; 2.3436; -340.836473; -0.474982; 924.459517; 0.0018055850; 44.494328; 0.0093221770;
26; 146; 2.3536; -340.836344; -0.475194; 923.727453; 0.0018041552; 44.465702; 0.0093191777;
26; 147; 2.3637; -340.836220; -0.475454; 923.184473; 0.0018030947; 44.444588; 0.0093169649;
26; 148; 2.3737; -340.836093; -0.475678; 922.584867; 0.0018019236; 44.419545; 0.0093143397;
26; 149; 2.3837; -340.835968; -0.475897; 921.947640; 0.0018006790; 44.392859; 0.0093115414;
26; 150; 2.3937; -340.835845; -0.476103; 921.279910; 0.0017993748; 44.365316; 0.0093086523;
26; 151; 2.4038; -340.835724; -0.476304; 920.595355; 0.0017980378; 44.337316; 0.0093057144;
26; 152; 2.4138; -340.835606; -0.476500; 919.900613; 0.0017966809; 44.309005; 0.0093027429;
26; 153; 2.4238; -340.835490; -0.476692; 919.199426; 0.0017953114; 44.280509; 0.0092997510;
26; 154; 2.4338; -340.835375; -0.476885; 918.543062; 0.0017940294; 44.254404; 0.0092970094;
26; 155; 2.4439; -340.835262; -0.477072; 917.872142; 0.0017927190; 44.227501; 0.0092941830;
26; 156; 2.4539; -340.835151; -0.477256; 917.193337; 0.0017913932; 44.200136; 0.0092913073;
26; 157; 2.4639; -340.835062; -0.477328; 916.011211; 0.0017890844; 44.150940; 0.0092861351;
26; 158; 2.4739; -340.834952; -0.477564; 915.466677; 0.0017880209; 44.132641; 0.0092842105;
26; 159; 2.4840; -340.834841; -0.477756; 914.892473; 0.0017868994; 44.109045; 0.0092817282;
26; 160; 2.4940; -340.834733; -0.477937; 914.283489; 0.0017857099; 44.083443; 0.0092790342;
26; 161; 2.5040; -340.834627; -0.478111; 913.648350; 0.0017844694; 44.056814; 0.0092762312;
26; 162; 2.5140; -340.834539; -0.478179; 912.658119; 0.0017825354; 44.010608; 0.0092713655;
26; 163; 2.5241; -340.834435; -0.478409; 912.071132; 0.0017813889; 43.992255; 0.0092694322;
26; 164; 2.5341; -340.834331; -0.478586; 911.479877; 0.0017802341; 43.968056; 0.0092668824;
26; 165; 2.5441; -340.834229; -0.478752; 910.865289; 0.0017790338; 43.941957; 0.0092641316;
26; 166; 2.5541; -340.834145; -0.478811; 909.894212; 0.0017771371; 43.896128; 0.0092592993;
26; 167; 2.5642; -340.834046; -0.479031; 909.320122; 0.0017760159; 43.877868; 0.0092573733;
26; 168; 2.5742; -340.833946; -0.479198; 908.739115; 0.0017748811; 43.853742; 0.0092548280;
26; 169; 2.5842; -340.833848; -0.479352; 908.133319; 0.0017736979; 43.827682; 0.0092520777;
26; 170; 2.5942; -340.833769; -0.479402; 907.162255; 0.0017718013; 43.781468; 0.0092471985;
26; 171; 2.6043; -340.833673; -0.479612; 906.597488; 0.0017706982; 43.763414; 0.0092452916;
26; 172; 2.6143; -340.833577; -0.479769; 906.028500; 0.0017695869; 43.739389; 0.0092427536;
26; 173; 2.6243; -340.833483; -0.479913; 905.432777; 0.0017684234; 43.713403; 0.0092400076;
26; 174; 2.6343; -340.833408; -0.479956; 904.462119; 0.0017665276; 43.667057; 0.0092351081;
26; 175; 2.6444; -340.833316; -0.480157; 903.909691; 0.0017654486; 43.649157; 0.0092332150;
26; 176; 2.6544; -340.833223; -0.480303; 903.349864; 0.0017643552; 43.625243; 0.0092306854;
26; 177; 2.6644; -340.833133; -0.480438; 902.763464; 0.0017632099; 43.599353; 0.0092279459;
26; 178; 2.6744; -340.833062; -0.480477; 901.793974; 0.0017613164; 43.552790; 0.0092230170;
26; 179; 2.6845; -340.832973; -0.480666; 901.248736; 0.0017602514; 43.535051; 0.0092211385;
26; 180; 2.6945; -340.832884; -0.480804; 900.698633; 0.0017591770; 43.511265; 0.0092186192;
26; 181; 2.7045; -340.832812; -0.480844; 899.800582; 0.0017574230; 43.467233; 0.0092139535;
26; 182; 2.7145; -340.832725; -0.481026; 899.266019; 0.0017563789; 43.449516; 0.0092120755;
26; 183; 2.7246; -340.832638; -0.481156; 898.723067; 0.0017553185; 43.425832; 0.0092095645;
26; 184; 2.7346; -340.832568; -0.481194; 897.832169; 0.0017535785; 43.381955; 0.0092049107;
26; 185; 2.7446; -340.832484; -0.481368; 897.305302; 0.0017525494; 43.364316; 0.0092030392;
26; 186; 2.7546; -340.832399; -0.481492; 896.770269; 0.0017515044; 43.340686; 0.0092005313;
26; 187; 2.7647; -340.832331; -0.481522; 895.876163; 0.0017497581; 43.296759; 0.0091958677;
26; 188; 2.7747; -340.832249; -0.481692; 895.358941; 0.0017487479; 43.279207; 0.0091940036;
26; 189; 2.7847; -340.832166; -0.481813; 894.831922; 0.0017477186; 43.255662; 0.0091915023;
26; 190; 2.7947; -340.832102; -0.481838; 893.937751; 0.0017459722; 43.211664; 0.0091868265;
26; 191; 2.8048; -340.832022; -0.482002; 893.427293; 0.0017449752; 43.194201; 0.0091849699;
26; 192; 2.8148; -340.831941; -0.482116; 892.904703; 0.0017439545; 43.170714; 0.0091824725;
26; 193; 2.8248; -340.831879; -0.482141; 892.015329; 0.0017422174; 43.126715; 0.0091777919;
26; 194; 2.8348; -340.831801; -0.482297; 891.507052; 0.0017412247; 43.109368; 0.0091759459;
26; 195; 2.8449; -340.831722; -0.482406; 890.989681; 0.0017402142; 43.085961; 0.0091734545;
26; 196; 2.8549; -340.831662; -0.482425; 890.100368; 0.0017384773; 43.041941; 0.0091687672;
26; 197; 2.8649; -340.831586; -0.482578; 889.599092; 0.0017374982; 43.024660; 0.0091669263;
26; 198; 2.8749; -340.831510; -0.482681; 889.086407; 0.0017364969; 43.001334; 0.0091644411;
26; 199; 2.8850; -340.831452; -0.482698; 888.199183; 0.0017347640; 42.957309; 0.0091597485;
26; 200; 2.8950; -340.831379; -0.482846; 887.703623; 0.0017337961; 42.940131; 0.0091579170;
26; 201; 2.9050; -340.831304; -0.482945; 887.198150; 0.0017328089; 42.916886; 0.0091554379;
26; 202; 2.9150; -340.831249; -0.482958; 886.310905; 0.0017310760; 42.872861; 0.0091507407;
26; 203; 2.9251; -340.831177; -0.483101; 885.822140; 0.0017301214; 42.855759; 0.0091489155;
26; 204; 2.9351; -340.831105; -0.483194; 885.320147; 0.0017291409; 42.832591; 0.0091464421;
26; 205; 2.9451; -340.831052; -0.483209; 884.439368; 0.0017274206; 42.788595; 0.0091417435;
26; 206; 2.9551; -340.830982; -0.483344; 883.952334; 0.0017264694; 42.771587; 0.0091399264;
26; 207; 2.9652; -340.830912; -0.483433; 883.455762; 0.0017254995; 42.748483; 0.0091374575;
26; 208; 2.9752; -340.830861; -0.483441; 882.573140; 0.0017237757; 42.704534; 0.0091327593;
26; 209; 2.9852; -340.830793; -0.483574; 882.093440; 0.0017228387; 42.687603; 0.0091309487;
26; 210; 2.9952; -340.830725; -0.483658; 881.600916; 0.0017218768; 42.664580; 0.0091284860;
26; 211; 3.0053; -340.830676; -0.483668; 880.723052; 0.0017201622; 42.620628; 0.0091237828;
26; 212; 3.0153; -340.830610; -0.483794; 880.245384; 0.0017192293; 42.603829; 0.0091219846;
26; 213; 3.0253; -340.830543; -0.483874; 879.757562; 0.0017182765; 42.580897; 0.0091195293;
26; 214; 3.0353; -340.830497; -0.483881; 878.882083; 0.0017165666; 42.537020; 0.0091148295;
26; 215; 3.0454; -340.830433; -0.484003; 878.410590; 0.0017156457; 42.520292; 0.0091130371;
26; 216; 3.0554; -340.830368; -0.484081; 877.929901; 0.0017147068; 42.497464; 0.0091105905;
26; 217; 3.0654; -340.830323; -0.484085; 877.054435; 0.0017129969; 42.453668; 0.0091058948;
26; 218; 3.0754; -340.830261; -0.484203; 876.587095; 0.0017120842; 42.437022; 0.0091041095;
26; 219; 3.0855; -340.830198; -0.484276; 876.108694; 0.0017111498; 42.414291; 0.0091016709;
26; 220; 3.0955; -340.830156; -0.484279; 875.237511; 0.0017094483; 42.370561; 0.0090969776;
26; 221; 3.1055; -340.830096; -0.484393; 874.774388; 0.0017085437; 42.353997; 0.0090951993;
26; 222; 3.1155; -340.830034; -0.484462; 874.300754; 0.0017076187; 42.331356; 0.0090927679;
26; 223; 3.1256; -340.829994; -0.484461; 873.429114; 0.0017059162; 42.287691; 0.0090880771;
26; 224; 3.1356; -340.829936; -0.484575; 872.972310; 0.0017050240; 42.271219; 0.0090863070;
26; 225; 3.1456; -340.829876; -0.484641; 872.502413; 0.0017041063; 42.248663; 0.0090838824;
26; 226; 3.1556; -340.829838; -0.484640; 871.635429; 0.0017024129; 42.205081; 0.0090791959;
26; 227; 3.1657; -340.829781; -0.484747; 871.179960; 0.0017015234; 42.188685; 0.0090774322;
26; 228; 3.1757; -340.829724; -0.484811; 870.714610; 0.0017006145; 42.166225; 0.0090750157;
26; 229; 3.1857; -340.829687; -0.484808; 869.848749; 0.0016989233; 42.122695; 0.0090703302;
26; 230; 3.1957; -340.829633; -0.484915; 869.399894; 0.0016980467; 42.106376; 0.0090685730;
26; 231; 3.2058; -340.829577; -0.484973; 868.935543; 0.0016971397; 42.083993; 0.0090661623;
26; 232; 3.2158; -340.829542; -0.484966; 868.070336; 0.0016954499; 42.040588; 0.0090614857;
26; 233; 3.2258; -340.829489; -0.485071; 867.625080; 0.0016945802; 42.024357; 0.0090597363;
26; 234; 3.2358; -340.829435; -0.485128; 867.166150; 0.0016936839; 42.002055; 0.0090573320;
26; 235; 3.2459; -340.829403; -0.485123; 866.306227; 0.0016920043; 41.958738; 0.0090526604;
26; 236; 3.2559; -340.829351; -0.485224; 865.863090; 0.0016911388; 41.942576; 0.0090509167;
26; 237; 3.2659; -340.829299; -0.485276; 865.405542; 0.0016902452; 41.920359; 0.0090485193;
26; 238; 3.2759; -340.829268; -0.485270; 864.548240; 0.0016885708; 41.877107; 0.0090438501;
26; 239; 3.2860; -340.829219; -0.485365; 864.107345; 0.0016877097; 41.861033; 0.0090421143;
26; 240; 3.2960; -340.829168; -0.485417; 863.655910; 0.0016868279; 41.838911; 0.0090397247;
26; 241; 3.3060; -340.829139; -0.485410; 862.800420; 0.0016851571; 41.795770; 0.0090350630;
26; 242; 3.3160; -340.829091; -0.485502; 862.363011; 0.0016843028; 41.779731; 0.0090333292;
26; 243; 3.3261; -340.829042; -0.485552; 861.914879; 0.0016834275; 41.757672; 0.0090309442;
26; 244; 3.3361; -340.829014; -0.485542; 861.062024; 0.0016817618; 41.714648; 0.0090262906;
26; 245; 3.3461; -340.828968; -0.485632; 860.627815; 0.0016809137; 41.698712; 0.0090245663;
26; 246; 3.3561; -340.828921; -0.485680; 860.183470; 0.0016800458; 41.676777; 0.0090221924;
26; 247; 3.3662; -340.828895; -0.485670; 859.333850; 0.0016783864; 41.633831; 0.0090175427;
26; 248; 3.3762; -340.828850; -0.485758; 858.902930; 0.0016775448; 41.617956; 0.0090158233;
26; 249; 3.3862; -340.828804; -0.485803; 858.460415; 0.0016766805; 41.596075; 0.0090134529;
26; 250; 3.3962; -340.828780; -0.485791; 857.611380; 0.0016750222; 41.553144; 0.0090088004;
26; 251; 3.4063; -340.828736; -0.485879; 857.184508; 0.0016741885; 41.537403; 0.0090070939;
26; 252; 3.4163; -340.828692; -0.485920; 856.742835; 0.0016733259; 41.515617; 0.0090047315;
26; 253; 3.4263; -340.828669; -0.485908; 855.899572; 0.0016716789; 41.472947; 0.0090001027;
26; 254; 3.4363; -340.828627; -0.485994; 855.476839; 0.0016708532; 41.457233; 0.0089983975;
26; 255; 3.4464; -340.828598; -0.485986; 854.741964; 0.0016694179; 41.419422; 0.0089942931;
26; 256; 3.4564; -340.828557; -0.486065; 854.329057; 0.0016686114; 41.403648; 0.0089925802;
26; 257; 3.4664; -340.828529; -0.486056; 853.608973; 0.0016672050; 41.366279; 0.0089885212;
26; 258; 3.4764; -340.828489; -0.486137; 853.200077; 0.0016664064; 41.350500; 0.0089868067;
26; 259; 3.4865; -340.828461; -0.486129; 852.482315; 0.0016650045; 41.313181; 0.0089827505;
26; 260; 3.4965; -340.828422; -0.486206; 852.075166; 0.0016642093; 41.297445; 0.0089810396;
26; 261; 3.5065; -340.828395; -0.486196; 851.357421; 0.0016628075; 41.260196; 0.0089769884;
26; 262; 3.5165; -340.828357; -0.486274; 850.953488; 0.0016620185; 41.244526; 0.0089752835;
26; 263; 3.5266; -340.828331; -0.486263; 850.238014; 0.0016606211; 41.207391; 0.0089712421;
26; 264; 3.5366; -340.828294; -0.486340; 849.835631; 0.0016598352; 41.191743; 0.0089695386;
26; 265; 3.5466; -340.828269; -0.486329; 849.121222; 0.0016584399; 41.154661; 0.0089655004;
26; 266; 3.5566; -340.828233; -0.486405; 848.720614; 0.0016576574; 41.139079; 0.0089638030;
26; 267; 3.5667; -340.828209; -0.486395; 848.010114; 0.0016562698; 41.102042; 0.0089597670;
26; 268; 3.5767; -340.828173; -0.486467; 847.608839; 0.0016554860; 41.086522; 0.0089580753;
26; 269; 3.5867; -340.828150; -0.486456; 846.900093; 0.0016541017; 41.049606; 0.0089540500;
26; 270; 3.5967; -340.828115; -0.486528; 846.501027; 0.0016533223; 41.034120; 0.0089523609;
26; 271; 3.6068; -340.828093; -0.486514; 845.792461; 0.0016519384; 40.997259; 0.0089483390;
26; 272; 3.6168; -340.828059; -0.486587; 845.396590; 0.0016511652; 40.981820; 0.0089466540;
26; 273; 3.6268; -340.828037; -0.486572; 844.689727; 0.0016497846; 40.945042; 0.0089426386;
26; 274; 3.6368; -340.828004; -0.486645; 844.296213; 0.0016490160; 40.929663; 0.0089409590;
26; 275; 3.6469; -340.827983; -0.486629; 843.591376; 0.0016476394; 40.892978; 0.0089369512;
26; 276; 3.6569; -340.827950; -0.486700; 843.198801; 0.0016468727; 40.877631; 0.0089352741;
26; 277; 3.6669; -340.827930; -0.486684; 842.495640; 0.0016454993; 40.840996; 0.0089312692;
26; 278; 3.6769; -340.827898; -0.486755; 842.104916; 0.0016447362; 40.825709; 0.0089295976;
26; 279; 3.6870; -340.827878; -0.486737; 841.403386; 0.0016433660; 40.789204; 0.0089256044;
26; 280; 3.6970; -340.827847; -0.486807; 841.014645; 0.0016426067; 40.773946; 0.0089239349;
26; 281; 3.7070; -340.827828; -0.486790; 840.315090; 0.0016412404; 40.737501; 0.0089199457;
26; 282; 3.7170; -340.827797; -0.486859; 839.927240; 0.0016404829; 40.722295; 0.0089182809;
26; 283; 3.7271; -340.827779; -0.486840; 839.229506; 0.0016391201; 40.685894; 0.0089142939;
26; 284; 3.7371; -340.827749; -0.486908; 838.842212; 0.0016383637; 40.670743; 0.0089126340;
26; 285; 3.7471; -340.827732; -0.486890; 838.146628; 0.0016370051; 40.634471; 0.0089086587;
26; 286; 3.7571; -340.827702; -0.486956; 837.761480; 0.0016362529; 40.619356; 0.0089070018;
26; 287; 3.7672; -340.827685; -0.486938; 837.067208; 0.0016348969; 40.583148; 0.0089030310;
26; 288; 3.7772; -340.827656; -0.487004; 836.683256; 0.0016341470; 40.568081; 0.0089013782;
26; 289; 3.7872; -340.827640; -0.486985; 835.991738; 0.0016327964; 40.531970; 0.0088974155;
26; 290; 3.7972; -340.827611; -0.487050; 835.607474; 0.0016320458; 40.516951; 0.0088957670;
26; 291; 3.8073; -340.827596; -0.487031; 834.918185; 0.0016306996; 40.480896; 0.0088918080;
26; 292; 3.8173; -340.827568; -0.487096; 834.536163; 0.0016299534; 40.465936; 0.0088901648;
26; 293; 3.8273; -340.827553; -0.487078; 833.850130; 0.0016286135; 40.429981; 0.0088862144;
26; 294; 3.8373; -340.827526; -0.487140; 833.469116; 0.0016278694; 40.415061; 0.0088845746;
26; 295; 3.8474; -340.827511; -0.487119; 832.782577; 0.0016265285; 40.379204; 0.0088806324;
26; 296; 3.8574; -340.827484; -0.487183; 832.404653; 0.0016257903; 40.364308; 0.0088789942;
26; 297; 3.8674; -340.827470; -0.487165; 831.722316; 0.0016244576; 40.328537; 0.0088750591;
26; 298; 3.8774; -340.827444; -0.487225; 831.343059; 0.0016237169; 40.313689; 0.0088734251;
26; 299; 3.8875; -340.827431; -0.487206; 830.662571; 0.0016223878; 40.277944; 0.0088694903;
26; 300; 3.8975; -340.827405; -0.487266; 830.284464; 0.0016216493; 40.263159; 0.0088678623;
26; 301; 3.9075; -340.827392; -0.487247; 829.605432; 0.0016203231; 40.227553; 0.0088639404;
26; 302; 3.9175; -340.827367; -0.487307; 829.229268; 0.0016195884; 40.212785; 0.0088623132;
26; 303; 3.9276; -340.827354; -0.487284; 828.550434; 0.0016182626; 40.177234; 0.0088583948;
26; 304; 3.9376; -340.827330; -0.487346; 828.176767; 0.0016175327; 40.162533; 0.0088567741;
26; 305; 3.9476; -340.827318; -0.487326; 827.501174; 0.0016162132; 40.127085; 0.0088528646;
26; 306; 3.9576; -340.827294; -0.487385; 827.128916; 0.0016154862; 40.112417; 0.0088512465;
26; 307; 3.9677; -340.827282; -0.487365; 826.455261; 0.0016141704; 40.077042; 0.0088473427;
26; 308; 3.9777; -340.827258; -0.487423; 826.084376; 0.0016134460; 40.062422; 0.0088457288;
26; 309; 3.9877; -340.827247; -0.487402; 825.412191; 0.0016121332; 40.027106; 0.0088418291;
26; 310; 3.9977; -340.827224; -0.487460; 825.042135; 0.0016114104; 40.012538; 0.0088402199;
26; 311; 4.0078; -340.827213; -0.487439; 824.371616; 0.0016101008; 39.977302; 0.0088363266;
26; 312; 4.0178; -340.827190; -0.487496; 824.003493; 0.0016093818; 39.962766; 0.0088347200;
26; 313; 4.0278; -340.827180; -0.487474; 823.334792; 0.0016080758; 39.927601; 0.0088308321;
26; 314; 4.0378; -340.827157; -0.487531; 822.967534; 0.0016073585; 39.913102; 0.0088292285;
26; 315; 4.0479; -340.827147; -0.487507; 822.298449; 0.0016060517; 39.878002; 0.0088253454;
26; 316; 4.0579; -340.827125; -0.487566; 821.934594; 0.0016053410; 39.863551; 0.0088237463;
26; 317; 4.0679; -340.827115; -0.487543; 821.268950; 0.0016040409; 39.828523; 0.0088198687;
26; 318; 4.0779; -340.827093; -0.487599; 820.904131; 0.0016033284; 39.814106; 0.0088182723;
26; 319; 4.0880; -340.827084; -0.487574; 820.238181; 0.0016020277; 39.779146; 0.0088143999;
26; 320; 4.0980; -340.827062; -0.487632; 819.877596; 0.0016013234; 39.764770; 0.0088128069;
26; 321; 4.1080; -340.827053; -0.487609; 819.215124; 0.0016000295; 39.729890; 0.0088089410;
26; 322; 4.1180; -340.827032; -0.487664; 818.853184; 0.0015993226; 39.715551; 0.0088073513;
26; 323; 4.1281; -340.827023; -0.487640; 818.192519; 0.0015980323; 39.680747; 0.0088034913;
26; 324; 4.1381; -340.827002; -0.487696; 817.831287; 0.0015973267; 39.666445; 0.0088019046;
26; 325; 4.1481; -340.826994; -0.487671; 817.172189; 0.0015960394; 39.631712; 0.0087980502;
26; 326; 4.1581; -340.826973; -0.487727; 816.812644; 0.0015953372; 39.617453; 0.0087964673;
26; 327; 4.1682; -340.826965; -0.487702; 816.154247; 0.0015940513; 39.582803; 0.0087926198;
26; 328; 4.1782; -340.826945; -0.487757; 815.796092; 0.0015933517; 39.568601; 0.0087910423;
26; 329; 4.1882; -340.826937; -0.487732; 815.139396; 0.0015920691; 39.534031; 0.0087872012;
26; 330; 4.1982; -340.826917; -0.487787; 814.781393; 0.0015913699; 39.519864; 0.0087856266;
26; 331; 4.2083; -340.826910; -0.487761; 814.127686; 0.0015900931; 39.485417; 0.0087817968;
26; 332; 4.2183; -340.826890; -0.487816; 813.770801; 0.0015893961; 39.471287; 0.0087802254;
26; 333; 4.2283; -340.826883; -0.487790; 813.118077; 0.0015881212; 39.436899; 0.0087763998;
26; 334; 4.2383; -340.826864; -0.487844; 812.761876; 0.0015874255; 39.422820; 0.0087748331;
26; 335; 4.2484; -340.826857; -0.487819; 812.111023; 0.0015861543; 39.388518; 0.0087710148;
26; 336; 4.2584; -340.826838; -0.487872; 811.755863; 0.0015854607; 39.374485; 0.0087694521;
26; 337; 4.2684; -340.826831; -0.487846; 811.106219; 0.0015841918; 39.340271; 0.0087656412;
26; 338; 4.2784; -340.826813; -0.487900; 810.752366; 0.0015835007; 39.326287; 0.0087640832;
26; 339; 4.2885; -340.826807; -0.487874; 810.104814; 0.0015822360; 39.292165; 0.0087602802;
26; 340; 4.2985; -340.826788; -0.487927; 809.751858; 0.0015815466; 39.278226; 0.0087587262;
26; 341; 4.3085; -340.826782; -0.487898; 809.103846; 0.0015802809; 39.244194; 0.0087549310;
26; 342; 4.3185; -340.826764; -0.487954; 808.755253; 0.0015796001; 39.230312; 0.0087533824;
26; 343; 4.3286; -340.826759; -0.487927; 808.109879; 0.0015783396; 39.196359; 0.0087495937;
26; 344; 4.3386; -340.826741; -0.487981; 807.760225; 0.0015776567; 39.182532; 0.0087480503;
26; 345; 4.3486; -340.826736; -0.487953; 807.116816; 0.0015764000; 39.148691; 0.0087442717;
26; 346; 4.3586; -340.826718; -0.488005; 806.766834; 0.0015757165; 39.134887; 0.0087427299;
26; 347; 4.3687; -340.826713; -0.487975; 806.124150; 0.0015744612; 39.101114; 0.0087389567;
26; 348; 4.3787; -340.826695; -0.488030; 805.776865; 0.0015737829; 39.087360; 0.0087374196;
26; 349; 4.3887; -340.826691; -0.488000; 805.135738; 0.0015725307; 39.053672; 0.0087336535;
26; 350; 4.3987; -340.826673; -0.488055; 804.790409; 0.0015718563; 39.039953; 0.0087321194;
26; 351; 4.4088; -340.826669; -0.488024; 804.149138; 0.0015706038; 39.006302; 0.0087283551;
26; 352; 4.4188; -340.826652; -0.488079; 803.804677; 0.0015699310; 38.992647; 0.0087268272;
26; 353; 4.4288; -340.826647; -0.488050; 803.168592; 0.0015686887; 38.959160; 0.0087230791;
26; 354; 4.4388; -340.826630; -0.488101; 802.825024; 0.0015680176; 38.945517; 0.0087215517;
26; 355; 4.4489; -340.826626; -0.488073; 802.189634; 0.0015667766; 38.912053; 0.0087178038;
26; 356; 4.4589; -340.826609; -0.488124; 801.848406; 0.0015661102; 38.898453; 0.0087162803;
26; 357; 4.4689; -340.826605; -0.488095; 801.214561; 0.0015648722; 38.865051; 0.0087125371;
26; 358; 4.4789; -340.826588; -0.488147; 800.874089; 0.0015642072; 38.851484; 0.0087110163;
26; 359; 4.4890; -340.826585; -0.488115; 800.239975; 0.0015629687; 38.818140; 0.0087072775;
26; 360; 4.4990; -340.826568; -0.488168; 799.901774; 0.0015623082; 38.804598; 0.0087057585;
26; 361; 4.5090; -340.826564; -0.488137; 799.269129; 0.0015610725; 38.771314; 0.0087020240;
26; 362; 4.5190; -340.826548; -0.488191; 798.932151; 0.0015604144; 38.757812; 0.0087005087;
26; 363; 4.5291; -340.826545; -0.488158; 798.300631; 0.0015591809; 38.724600; 0.0086967801;
26; 364; 4.5391; -340.826529; -0.488211; 797.963081; 0.0015585216; 38.711120; 0.0086952663;
26; 365; 4.5491; -340.826525; -0.488181; 797.335812; 0.0015572965; 38.677970; 0.0086915424;
26; 366; 4.5591; -340.826509; -0.488232; 796.997767; 0.0015566363; 38.664526; 0.0086900318;
26; 367; 4.5692; -340.826506; -0.488200; 796.370523; 0.0015554112; 38.631440; 0.0086863129;
26; 368; 4.5792; -340.826491; -0.488253; 796.035303; 0.0015547565; 38.618014; 0.0086848034;
26; 369; 4.5892; -340.826488; -0.488222; 795.410819; 0.0015535368; 38.584992; 0.0086810894;
26; 370; 4.5992; -340.826472; -0.488272; 795.075786; 0.0015528824; 38.571595; 0.0086795822;
26; 371; 4.6093; -340.826469; -0.488242; 794.452526; 0.0015516651; 38.538636; 0.0086758731;
26; 372; 4.6193; -340.826454; -0.488292; 794.118858; 0.0015510134; 38.525275; 0.0086743690;
26; 373; 4.6293; -340.826451; -0.488262; 793.496981; 0.0015497988; 38.492371; 0.0086706639;
26; 374; 4.6393; -340.826436; -0.488312; 793.163881; 0.0015491482; 38.479046; 0.0086691629;
26; 375; 4.6494; -340.826434; -0.488281; 792.543391; 0.0015479363; 38.446208; 0.0086654630;
26; 376; 4.6594; -340.826419; -0.488331; 792.210791; 0.0015472867; 38.432920; 0.0086639654;
26; 377; 4.6694; -340.826417; -0.488298; 791.590312; 0.0015460748; 38.400155; 0.0086602715;
26; 378; 4.6794; -340.826402; -0.488350; 791.259874; 0.0015454294; 38.386901; 0.0086587769;
26; 379; 4.6895; -340.826400; -0.488317; 790.640969; 0.0015442206; 38.354216; 0.0086550897;
26; 380; 4.6995; -340.826385; -0.488369; 790.311166; 0.0015435765; 38.340998; 0.0086535982;
26; 381; 4.7095; -340.826383; -0.488337; 789.695226; 0.0015423735; 38.308389; 0.0086499175;
26; 382; 4.7195; -340.826369; -0.488387; 789.364936; 0.0015417284; 38.295206; 0.0086484290;
26; 383; 4.7296; -340.826367; -0.488355; 788.750133; 0.0015405276; 38.262668; 0.0086447540;
26; 384; 4.7396; -340.826353; -0.488405; 788.420837; 0.0015398844; 38.249531; 0.0086432700;
26; 385; 4.7496; -340.826351; -0.488371; 787.806163; 0.0015386839; 38.217079; 0.0086396025;
26; 386; 4.7596; -340.826337; -0.488424; 787.479671; 0.0015380462; 38.203987; 0.0086381226;
26; 387; 4.7697; -340.826336; -0.488388; 786.865374; 0.0015368464; 38.171622; 0.0086344629;
26; 388; 4.7797; -340.826322; -0.488440; 786.538369; 0.0015362078; 38.158572; 0.0086329868;
26; 389; 4.7897; -340.826320; -0.488405; 785.926724; 0.0015350131; 38.126298; 0.0086293352;
26; 390; 4.7997; -340.826306; -0.488456; 785.601098; 0.0015343771; 38.113290; 0.0086278629;
26; 391; 4.8098; -340.826305; -0.488422; 784.990936; 0.0015331854; 38.081101; 0.0086242188;
26; 392; 4.8198; -340.826291; -0.488473; 784.666723; 0.0015325522; 38.068132; 0.0086227501;
26; 393; 4.8298; -340.826290; -0.488440; 784.059398; 0.0015313660; 38.036039; 0.0086191147;
26; 394; 4.8398; -340.826277; -0.488490; 783.735296; 0.0015307330; 38.023114; 0.0086176502;
26; 395; 4.8499; -340.826276; -0.488454; 783.127335; 0.0015295456; 37.991095; 0.0086140209;
26; 396; 4.8599; -340.826262; -0.488505; 782.804382; 0.0015289148; 37.978211; 0.0086125602;
26; 397; 4.8699; -340.826261; -0.488472; 782.200228; 0.0015277348; 37.946280; 0.0086089389;
26; 398; 4.8799; -340.826248; -0.488522; 781.877047; 0.0015271036; 37.933441; 0.0086074823;
26; 399; 4.8900; -340.826247; -0.488488; 781.273489; 0.0015259248; 37.901587; 0.0086038676;
26; 400; 4.9000; -340.826234; -0.488537; 780.950050; 0.0015252931; 37.888786; 0.0086024145;
