24; 1; 0.9000; -340.398846; -0.573012; 1106.832478; 0.0021617822; 48.116914; 0.0096942430;
24; 2; 0.9100; -340.432213; -0.573034; 1109.203418; 0.0021664129; 48.123095; 0.0096948657;
24; 3; 0.9201; -340.463584; -0.572970; 1110.676161; 0.0021692894; 48.098583; 0.0096923963;
24; 4; 0.9301; -340.493077; -0.572977; 1112.774333; 0.0021733874; 48.088753; 0.0096914057;
24; 5; 0.9401; -340.520810; -0.572910; 1114.355730; 0.0021764760; 48.072735; 0.0096897916;
24; 6; 0.9501; -340.546853; -0.572898; 1115.681204; 0.0021790649; 48.050894; 0.0096875901;
24; 7; 0.9602; -340.571317; -0.572934; 1117.462187; 0.0021825433; 48.043597; 0.0096868545;
24; 8; 0.9702; -340.594278; -0.572984; 1118.847257; 0.0021852485; 48.028285; 0.0096853107;
24; 9; 0.9802; -340.615820; -0.572985; 1119.552363; 0.0021866257; 47.992498; 0.0096817017;
24; 10; 0.9902; -340.636025; -0.573103; 1120.924691; 0.0021893060; 47.986506; 0.0096810972;
24; 11; 1.0003; -340.654960; -0.573123; 1121.690515; 0.0021908018; 47.962035; 0.0096786285;
24; 12; 1.0103; -340.672697; -0.573273; 1122.753056; 0.0021928771; 47.953800; 0.0096777976;
24; 13; 1.0203; -340.689301; -0.573315; 1122.970244; 0.0021933013; 47.914406; 0.0096738216;
24; 14; 1.0303; -340.704840; -0.573478; 1123.708881; 0.0021947439; 47.905449; 0.0096729174;
24; 15; 1.0404; -340.719361; -0.573559; 1123.989020; 0.0021952911; 47.878787; 0.0096702252;
24; 16; 1.0504; -340.732927; -0.573692; 1124.205566; 0.0021957140; 47.855826; 0.0096679062;
24; 17; 1.0604; -340.745589; -0.573840; 1124.367942; 0.0021960311; 47.835617; 0.0096658647;
24; 18; 1.0704; -340.757405; -0.574042; 1124.523577; 0.0021963351; 47.822046; 0.0096644934;
24; 19; 1.0805; -340.768407; -0.574164; 1124.328016; 0.0021959532; 47.792955; 0.0096615535;
24; 20; 1.0905; -340.778647; -0.574327; 1124.165866; 0.0021956365; 47.772216; 0.0096594570;
24; 21; 1.1005; -340.788168; -0.574502; 1123.832054; 0.0021949845; 47.748318; 0.0096570407;
24; 22; 1.1105; -340.797016; -0.574736; 1123.463996; 0.0021942656; 47.733081; 0.0096554997;
24; 23; 1.1206; -340.805216; -0.574871; 1122.991695; 0.0021933432; 47.707636; 0.0096529258;
24; 24; 1.1306; -340.812810; -0.575044; 1122.378805; 0.0021921461; 47.682555; 0.0096503881;
24; 25; 1.1406; -340.819832; -0.575804; 883.065877; 0.0017247380; 47.656568; 0.0096477580;
24; 26; 1.1506; -340.826316; -0.575408; 1121.011319; 0.0021894752; 47.637582; 0.0096458360;
24; 27; 1.1607; -340.832297; -0.575649; 1120.049498; 0.0021875967; 47.620913; 0.0096441483;
24; 28; 1.1707; -340.837791; -0.575783; 1119.165742; 0.0021858706; 47.593871; 0.0096414096;
24; 29; 1.1807; -340.842833; -0.575950; 1118.179290; 0.0021839439; 47.569567; 0.0096389476;
24; 30; 1.1907; -340.847450; -0.576120; 1117.127138; 0.0021818889; 47.546236; 0.0096365835;
24; 31; 1.2008; -340.851665; -0.576290; 1116.020175; 0.0021797269; 47.522873; 0.0096342156;
24; 32; 1.2108; -340.855503; -0.576456; 1114.863222; 0.0021774672; 47.499512; 0.0096318474;
24; 33; 1.2208; -340.858986; -0.576615; 1113.651045; 0.0021750997; 47.476047; 0.0096294680;
24; 34; 1.2308; -340.862135; -0.576772; 1112.401356; 0.0021726589; 47.452454; 0.0096270751;
24; 35; 1.2409; -340.864969; -0.576923; 1111.107182; 0.0021701312; 47.428770; 0.0096246723;
24; 36; 1.2509; -340.867508; -0.577073; 1109.800824; 0.0021675797; 47.405018; 0.0096222620;
24; 37; 1.2609; -340.869771; -0.577209; 1108.415106; 0.0021648733; 47.381140; 0.0096198383;
24; 38; 1.2709; -340.871774; -0.577344; 1107.021333; 0.0021621510; 47.357189; 0.0096174066;
24; 39; 1.2810; -340.873534; -0.577476; 1105.609451; 0.0021593935; 47.333182; 0.0096149686;
24; 40; 1.2910; -340.875066; -0.577600; 1104.162417; 0.0021565672; 47.309101; 0.0096125225;
24; 41; 1.3010; -340.876385; -0.577721; 1102.694429; 0.0021537001; 47.284961; 0.0096100697;
24; 42; 1.3110; -340.877506; -0.577838; 1101.200071; 0.0021507814; 47.260782; 0.0096076124;
24; 43; 1.3211; -340.878441; -0.577950; 1099.696872; 0.0021478455; 47.236518; 0.0096051457;
24; 44; 1.3311; -340.879204; -0.578059; 1098.169120; 0.0021448616; 47.212239; 0.0096026770;
24; 45; 1.3411; -340.879807; -0.578165; 1096.623868; 0.0021418435; 47.187944; 0.0096002059;
24; 46; 1.3511; -340.880261; -0.578269; 1095.062424; 0.0021387938; 47.163648; 0.0095977341;
24; 47; 1.3612; -340.880576; -0.578368; 1093.494010; 0.0021357305; 47.139270; 0.0095952534;
24; 48; 1.3712; -340.880765; -0.578467; 1091.910969; 0.0021326386; 47.114866; 0.0095927693;
24; 49; 1.3812; -340.880835; -0.578563; 1090.312251; 0.0021295161; 47.090438; 0.0095902822;
24; 50; 1.3912; -340.880797; -0.578659; 1088.705338; 0.0021263776; 47.065944; 0.0095877876;
24; 51; 1.4013; -340.880660; -0.578755; 1087.089673; 0.0021232220; 47.041470; 0.0095852945;
24; 52; 1.4113; -340.880431; -0.578851; 1085.461365; 0.0021200417; 47.016955; 0.0095827966;
24; 53; 1.4213; -340.880119; -0.578948; 1083.825823; 0.0021168473; 46.992425; 0.0095802965;
24; 54; 1.4313; -340.879731; -0.579044; 1082.180700; 0.0021136342; 46.967830; 0.0095777890;
24; 55; 1.4414; -340.879275; -0.579144; 1080.533050; 0.0021104161; 46.943233; 0.0095752807;
24; 56; 1.4514; -340.878757; -0.579246; 1078.879175; 0.0021071859; 46.918584; 0.0095727665;
24; 57; 1.4614; -340.878183; -0.579351; 1077.221786; 0.0021039488; 46.893865; 0.0095702445;
24; 58; 1.4714; -340.877560; -0.579459; 1075.556578; 0.0021006964; 46.869112; 0.0095677184;
24; 59; 1.4815; -340.876893; -0.579571; 1073.886747; 0.0020974351; 46.844308; 0.0095651863;
24; 60; 1.4915; -340.876188; -0.579687; 1072.214488; 0.0020941689; 46.819446; 0.0095626476;
24; 61; 1.5015; -340.875449; -0.579808; 1070.539638; 0.0020908977; 46.794545; 0.0095601044;
24; 62; 1.5115; -340.874681; -0.579934; 1068.861989; 0.0020876211; 46.769563; 0.0095575521;
24; 63; 1.5216; -340.873889; -0.580063; 1067.184258; 0.0020843443; 46.744508; 0.0095549918;
24; 64; 1.5316; -340.873077; -0.580203; 1065.501481; 0.0020810576; 46.719399; 0.0095524251;
24; 65; 1.5416; -340.872248; -0.580344; 1063.817220; 0.0020777680; 46.694276; 0.0095498564;
24; 66; 1.5516; -340.871406; -0.580494; 1062.137700; 0.0020744877; 46.669088; 0.0095472804;
24; 67; 1.5617; -340.870555; -0.580652; 1060.456268; 0.0020712036; 46.643900; 0.0095447036;
24; 68; 1.5717; -340.869696; -0.580816; 1058.779927; 0.0020679295; 46.618632; 0.0095421180;
24; 69; 1.5817; -340.868834; -0.580987; 1057.105010; 0.0020646582; 46.593283; 0.0095395233;
24; 70; 1.5917; -340.867970; -0.581165; 1055.434100; 0.0020613947; 46.567891; 0.0095369236;
24; 71; 1.6018; -340.867108; -0.581352; 1053.767622; 0.0020581399; 46.542471; 0.0095343203;
24; 72; 1.6118; -340.866249; -0.581546; 1052.106573; 0.0020548957; 46.516976; 0.0095317086;
24; 73; 1.6218; -340.865395; -0.581743; 1050.398062; 0.0020515587; 46.491418; 0.0095290897;
24; 74; 1.6318; -340.864547; -0.581958; 1048.803282; 0.0020484439; 46.465814; 0.0095264654;
24; 75; 1.6419; -340.863709; -0.582175; 1047.162846; 0.0020452399; 46.440128; 0.0095238320;
24; 76; 1.6519; -340.862880; -0.582401; 1045.531071; 0.0020420529; 46.414387; 0.0095211921;
24; 77; 1.6619; -340.862063; -0.582635; 1043.907895; 0.0020388826; 46.388562; 0.0095185429;
24; 78; 1.6719; -340.861258; -0.582876; 1042.294295; 0.0020357310; 46.362675; 0.0095158867;
24; 79; 1.6820; -340.860466; -0.583125; 1040.690636; 0.0020325989; 46.336673; 0.0095132179;
24; 80; 1.6920; -340.859688; -0.583383; 1039.096986; 0.0020294863; 46.310644; 0.0095105456;
24; 81; 1.7020; -340.858925; -0.583648; 1037.515093; 0.0020263967; 46.284521; 0.0095078628;
24; 82; 1.7120; -340.858178; -0.583920; 1035.947411; 0.0020233348; 46.258298; 0.0095051690;
24; 83; 1.7221; -340.857446; -0.584199; 1034.387149; 0.0020202874; 46.231965; 0.0095024632;
24; 84; 1.7321; -340.856730; -0.584486; 1032.843100; 0.0020172717; 46.205540; 0.0094997472;
24; 85; 1.7421; -340.856032; -0.584781; 1031.309712; 0.0020142768; 46.179008; 0.0094970192;
24; 86; 1.7521; -340.855349; -0.585080; 1029.794601; 0.0020113176; 46.152402; 0.0094942831;
24; 87; 1.7622; -340.854684; -0.585386; 1028.293233; 0.0020083852; 46.125637; 0.0094915297;
24; 88; 1.7722; -340.854035; -0.585698; 1026.805478; 0.0020054794; 46.098804; 0.0094887685;
24; 89; 1.7822; -340.853404; -0.586016; 1025.332647; 0.0020026028; 46.071862; 0.0094859952;
24; 90; 1.7922; -340.852789; -0.586340; 1023.875273; 0.0019997564; 46.044838; 0.0094832128;
24; 91; 1.8023; -340.852192; -0.586668; 1022.433273; 0.0019969400; 46.017701; 0.0094804179;
24; 92; 1.8123; -340.851610; -0.587002; 1021.008362; 0.0019941570; 45.990498; 0.0094776153;
24; 93; 1.8223; -340.851046; -0.587339; 1019.599677; 0.0019914056; 45.963203; 0.0094748024;
24; 94; 1.8323; -340.850497; -0.587682; 1018.208386; 0.0019886883; 45.935868; 0.0094719846;
24; 95; 1.8424; -340.849965; -0.588028; 1016.833470; 0.0019860029; 45.908448; 0.0094691572;
24; 96; 1.8524; -340.849448; -0.588377; 1015.475608; 0.0019833508; 45.880970; 0.0094663229;
24; 97; 1.8624; -340.848947; -0.588730; 1014.134669; 0.0019807318; 45.853457; 0.0094634842;
24; 98; 1.8724; -340.848461; -0.589085; 1012.810553; 0.0019781456; 45.825880; 0.0094606380;
24; 99; 1.8825; -340.847989; -0.589444; 1011.503565; 0.0019755929; 45.798282; 0.0094577888;
24; 100; 1.8925; -340.847532; -0.589804; 1010.214015; 0.0019730742; 45.770625; 0.0094549327;
24; 101; 1.9025; -340.847089; -0.590167; 1008.942352; 0.0019705905; 45.742949; 0.0094520737;
24; 102; 1.9125; -340.846659; -0.590531; 1007.686831; 0.0019681383; 45.715219; 0.0094492083;
24; 103; 1.9226; -340.846243; -0.590896; 1006.448682; 0.0019657201; 45.687454; 0.0094463384;
24; 104; 1.9326; -340.845840; -0.591262; 1005.228252; 0.0019633364; 45.659657; 0.0094434642;
24; 105; 1.9426; -340.845450; -0.591629; 1004.024894; 0.0019609861; 45.631806; 0.0094405837;
24; 106; 1.9526; -340.845071; -0.591998; 1002.838715; 0.0019586694; 45.603951; 0.0094377018;
24; 107; 1.9627; -340.844705; -0.592366; 1001.671051; 0.0019563888; 45.576044; 0.0094348137;
24; 108; 1.9727; -340.844350; -0.592734; 1000.521897; 0.0019541443; 45.548095; 0.0094319204;
24; 109; 1.9827; -340.844006; -0.593102; 999.389165; 0.0019519320; 45.520083; 0.0094290197;
24; 110; 1.9927; -340.843673; -0.593469; 998.274772; 0.0019497554; 45.492017; 0.0094261124;
24; 111; 2.0028; -340.843350; -0.593835; 997.177787; 0.0019476129; 45.463897; 0.0094231987;
24; 112; 2.0128; -340.843037; -0.594200; 996.099671; 0.0019455072; 45.435752; 0.0094202815;
24; 113; 2.0228; -340.842735; -0.594565; 995.039177; 0.0019434359; 45.407549; 0.0094173573;
24; 114; 2.0328; -340.842441; -0.594928; 993.995682; 0.0019413978; 45.379272; 0.0094144246;
24; 115; 2.0429; -340.842156; -0.595289; 992.969787; 0.0019393941; 45.350949; 0.0094114861;
24; 116; 2.0529; -340.841880; -0.595648; 991.961583; 0.0019374250; 45.322590; 0.0094085431;
24; 117; 2.0629; -340.841613; -0.596006; 990.971503; 0.0019354912; 45.294194; 0.0094055953;
24; 118; 2.0729; -340.841353; -0.596361; 989.999168; 0.0019335921; 45.265756; 0.0094026422;
24; 119; 2.0830; -340.841102; -0.596715; 989.044549; 0.0019317276; 45.237274; 0.0093996836;
24; 120; 2.0930; -340.840857; -0.597066; 988.107172; 0.0019298968; 45.208762; 0.0093967209;
24; 121; 2.1030; -340.840620; -0.597414; 987.188853; 0.0019281032; 45.180184; 0.0093937505;
24; 122; 2.1130; -340.840390; -0.597759; 986.288207; 0.0019263442; 45.151627; 0.0093907812;
24; 123; 2.1231; -340.840167; -0.598102; 985.406196; 0.0019246215; 45.123060; 0.0093878100;
24; 124; 2.1331; -340.839949; -0.598442; 984.543064; 0.0019229357; 45.094480; 0.0093848365;
24; 125; 2.1431; -340.839738; -0.598776; 983.699219; 0.0019212875; 45.065645; 0.0093818356;
24; 126; 2.1531; -340.839533; -0.599109; 982.872471; 0.0019196728; 45.037037; 0.0093788573;
24; 127; 2.1632; -340.839334; -0.599440; 982.066105; 0.0019180979; 45.008434; 0.0093758785;
24; 128; 2.1732; -340.839139; -0.599769; 981.274424; 0.0019165516; 44.979908; 0.0093729068;
24; 129; 2.1832; -340.838950; -0.600090; 980.511211; 0.0019150610; 44.951198; 0.0093699151;
24; 130; 2.1932; -340.838766; -0.600410; 979.765387; 0.0019136043; 44.922633; 0.0093669375;
24; 131; 2.2033; -340.838587; -0.600727; 979.040210; 0.0019121879; 44.894092; 0.0093639614;
24; 132; 2.2133; -340.838412; -0.601041; 978.335054; 0.0019108107; 44.865586; 0.0093609881;
24; 133; 2.2233; -340.838242; -0.601350; 977.651775; 0.0019094761; 44.837037; 0.0093580093;
24; 134; 2.2333; -340.838075; -0.601656; 976.990128; 0.0019081838; 44.808550; 0.0093550361;
24; 135; 2.2434; -340.837913; -0.601959; 976.349915; 0.0019069334; 44.780067; 0.0093520623;
24; 136; 2.2534; -340.837754; -0.602258; 975.733847; 0.0019057302; 44.751612; 0.0093490905;
24; 137; 2.2634; -340.837600; -0.602553; 975.139297; 0.0019045689; 44.723142; 0.0093461161;
24; 138; 2.2734; -340.837448; -0.602845; 974.570990; 0.0019034590; 44.694664; 0.0093431401;
24; 139; 2.2835; -340.837300; -0.603132; 974.028593; 0.0019023996; 44.666197; 0.0093401641;
24; 140; 2.2935; -340.837155; -0.603416; 973.513117; 0.0019013928; 44.637716; 0.0093371858;
24; 141; 2.3035; -340.837013; -0.603696; 973.023641; 0.0019004368; 44.609212; 0.0093342042;
24; 142; 2.3135; -340.836874; -0.603971; 972.561744; 0.0018995347; 44.580693; 0.0093312199;
24; 143; 2.3236; -340.836738; -0.604243; 972.130001; 0.0018986914; 44.552156; 0.0093282329;
24; 144; 2.3336; -340.836604; -0.604511; 971.728204; 0.0018979066; 44.523600; 0.0093252430;
24; 145; 2.3436; -340.836473; -0.604775; 971.357186; 0.0018971820; 44.495018; 0.0093222493;
24; 146; 2.3536; -340.836344; -0.605035; 971.018816; 0.0018965211; 44.466402; 0.0093192511;
24; 147; 2.3637; -340.836220; -0.605510; 970.836043; 0.0018961641; 44.445263; 0.0093170357;
24; 148; 2.3737; -340.836093; -0.605862; 970.693154; 0.0018958851; 44.420176; 0.0093144059;
24; 149; 2.3837; -340.835968; -0.606173; 970.593886; 0.0018956912; 44.393439; 0.0093116022;
24; 150; 2.3937; -340.835845; -0.606453; 970.512804; 0.0018955328; 44.365829; 0.0093087062;
24; 151; 2.4038; -340.835724; -0.606716; 970.466974; 0.0018954433; 44.337744; 0.0093057593;
24; 152; 2.4138; -340.835606; -0.606967; 970.458733; 0.0018954272; 44.309352; 0.0093027793;
24; 153; 2.4238; -340.835490; -0.607209; 970.492362; 0.0018954929; 44.280763; 0.0092997777;
24; 154; 2.4338; -340.835375; -0.607462; 970.613125; 0.0018957288; 44.254577; 0.0092970275;
24; 155; 2.4439; -340.835262; -0.607695; 970.779685; 0.0018960541; 44.227593; 0.0092941927;
24; 156; 2.4539; -340.835151; -0.607920; 971.005686; 0.0018964955; 44.200147; 0.0092913084;
24; 157; 2.4639; -340.835062; -0.607675; 970.462404; 0.0018954344; 44.150944; 0.0092861355;
24; 158; 2.4739; -340.834952; -0.608789; 843.213051; 0.0016469005; 44.070447; 0.0092776662;
24; 159; 2.4840; -340.834841; -0.608429; 971.641149; 0.0018977366; 44.108944; 0.0092817175;
24; 160; 2.4940; -340.834733; -0.608680; 972.282693; 0.0018989896; 44.083327; 0.0092790220;
24; 161; 2.5040; -340.834627; -0.608905; 972.984578; 0.0019003605; 44.056707; 0.0092762199;
24; 162; 2.5140; -340.834539; -0.608693; 972.787773; 0.0018999761; 44.010512; 0.0092713554;
24; 163; 2.5241; -340.834435; -0.609138; 974.023803; 0.0019023902; 43.992212; 0.0092694276;
24; 164; 2.5341; -340.834331; -0.609413; 975.186015; 0.0019046602; 43.968099; 0.0092668869;
24; 165; 2.5441; -340.834229; -0.609636; 976.413663; 0.0019070579; 43.942087; 0.0092641453;
24; 166; 2.5541; -340.834145; -0.609421; 976.363373; 0.0019069597; 43.896289; 0.0092593164;
24; 167; 2.5642; -340.834046; -0.609846; 978.376217; 0.0019108910; 43.878170; 0.0092574052;
24; 168; 2.5742; -340.833946; -0.610100; 980.231136; 0.0019145139; 43.854184; 0.0092548746;
24; 169; 2.5842; -340.833848; -0.610301; 982.154040; 0.0019182696; 43.828254; 0.0092521381;
24; 170; 2.5942; -340.833769; -0.610066; 982.259051; 0.0019184747; 43.782055; 0.0092472605;
24; 171; 2.6043; -340.833673; -0.610467; 985.302643; 0.0019244192; 43.764160; 0.0092453705;
24; 172; 2.6143; -340.833577; -0.610695; 988.029599; 0.0019297453; 43.740250; 0.0092428446;
24; 173; 2.6243; -340.833483; -0.610868; 990.758618; 0.0019350754; 43.714361; 0.0092401088;
24; 174; 2.6343; -340.833408; -0.610618; 991.100099; 0.0019357424; 43.667947; 0.0092352021;
24; 175; 2.6444; -340.833316; -0.610977; 995.043980; 0.0019434453; 43.650117; 0.0092333165;
24; 176; 2.6544; -340.833223; -0.611163; 998.173269; 0.0019495572; 43.626196; 0.0092307862;
24; 177; 2.6644; -340.833133; -0.611286; 1000.777189; 0.0019546429; 43.600236; 0.0092280394;
24; 178; 2.6744; -340.833062; -0.611019; 1001.223922; 0.0019555155; 43.553427; 0.0092230844;
24; 179; 2.6845; -340.832973; -0.611296; 1003.146890; 0.0019592713; 43.535473; 0.0092211833;
24; 180; 2.6945; -340.832884; -0.611394; 1002.182983; 0.0019573886; 43.511339; 0.0092186271;
24; 181; 2.7045; -340.832812; -0.611142; 1001.467076; 0.0019559904; 43.466826; 0.0092139104;
24; 182; 2.7145; -340.832725; -0.611291; 992.394837; 0.0019382712; 43.448401; 0.0092119574;
24; 183; 2.7246; -340.832638; -0.611259; 977.174814; 0.0019085446; 43.423826; 0.0092093518;
24; 184; 2.7346; -340.832568; -0.610965; 971.206975; 0.0018968886; 43.379098; 0.0092046076;
24; 185; 2.7446; -340.832484; -0.610914; 937.559839; 0.0018311716; 43.360086; 0.0092025903;
24; 186; 2.7546; -340.832399; -0.610705; 902.512808; 0.0017627203; 43.335121; 0.0091999407;
24; 187; 2.7647; -340.832331; -0.610355; 890.604684; 0.0017394623; 43.290093; 0.0091951598;
24; 188; 2.7747; -340.832249; -0.610102; 843.198482; 0.0016468720; 43.271110; 0.0091931435;
24; 189; 2.7847; -340.832166; -0.609756; 806.304541; 0.0015748136; 43.246384; 0.0091905165;
24; 190; 2.7947; -340.832102; -0.609368; 794.486181; 0.0015517308; 43.201412; 0.0091857366;
24; 191; 2.8048; -340.832022; -0.608996; 755.798105; 0.0014761682; 43.182968; 0.0091837757;
24; 192; 2.8148; -340.831941; -0.608582; 728.636580; 0.0014231183; 43.158729; 0.0091811978;
24; 193; 2.8248; -340.831879; -0.608179; 719.403227; 0.0014050844; 43.114098; 0.0091764494;
24; 194; 2.8348; -340.831801; -0.607757; 693.042470; 0.0013535986; 43.096216; 0.0091745461;
24; 195; 2.8449; -340.831722; -0.607320; 674.627328; 0.0013176315; 43.072439; 0.0091720149;
24; 196; 2.8549; -340.831662; -0.606913; 667.887659; 0.0013044681; 43.028207; 0.0091673042;
24; 197; 2.8649; -340.831586; -0.606476; 649.998737; 0.0012695288; 43.010764; 0.0091654459;
24; 198; 2.8749; -340.831510; -0.606033; 637.276022; 0.0012446797; 42.987409; 0.0091629571;
24; 199; 2.8850; -340.831452; -0.605628; 632.215881; 0.0012347966; 42.943598; 0.0091582867;
24; 200; 2.8950; -340.831379; -0.605190; 619.703423; 0.0012103582; 42.926563; 0.0091564701;
24; 201; 2.9050; -340.831304; -0.604751; 610.578846; 0.0011925368; 42.903579; 0.0091540184;
24; 202; 2.9150; -340.831249; -0.604350; 606.654076; 0.0011848712; 42.860188; 0.0091493882;
24; 203; 2.9251; -340.831177; -0.603918; 597.618586; 0.0011672238; 42.843466; 0.0091476032;
24; 204; 2.9351; -340.831105; -0.603486; 590.898639; 0.0011540989; 42.820807; 0.0091451839;
24; 205; 2.9451; -340.831052; -0.603092; 587.704789; 0.0011478609; 42.777782; 0.0091405883;
24; 206; 2.9551; -340.830982; -0.602668; 580.984617; 0.0011347356; 42.761348; 0.0091388324;
24; 207; 2.9652; -340.830912; -0.602247; 575.842180; 0.0011246918; 42.738949; 0.0091364386;
24; 208; 2.9752; -340.830861; -0.601858; 573.226694; 0.0011195834; 42.696208; 0.0091318690;
24; 209; 2.9852; -340.830793; -0.601445; 568.027860; 0.0011094294; 42.679990; 0.0091301345;
24; 210; 2.9952; -340.830725; -0.601034; 563.984918; 0.0011015330; 42.657794; 0.0091277601;
24; 211; 3.0053; -340.830676; -0.600652; 561.757034; 0.0010971817; 42.615183; 0.0091232000;
24; 212; 3.0153; -340.830610; -0.600251; 557.663383; 0.0010891863; 42.599158; 0.0091214846;
24; 213; 3.0253; -340.830543; -0.599850; 554.411480; 0.0010828349; 42.577101; 0.0091191228;
24; 214; 3.0353; -340.830497; -0.599474; 552.487460; 0.0010790771; 42.534589; 0.0091145691;
24; 215; 3.0454; -340.830433; -0.598731; 834.103235; 0.0016291079; 42.502294; 0.0091111082;
24; 216; 3.0554; -340.830368; -0.598695; 546.795271; 0.0010679595; 42.496658; 0.0091105041;
24; 217; 3.0654; -340.830323; -0.598325; 544.853639; 0.0010641673; 42.454135; 0.0091059449;
24; 218; 3.0754; -340.830261; -0.597946; 542.156349; 0.0010588991; 42.438212; 0.0091042371;
24; 219; 3.0855; -340.830198; -0.597567; 539.939063; 0.0010545685; 42.416239; 0.0091018798;
24; 220; 3.0955; -340.830156; -0.597203; 538.431445; 0.0010516239; 42.373591; 0.0090973029;
24; 221; 3.1055; -340.830096; -0.596835; 536.195220; 0.0010472563; 42.357641; 0.0090955905;
24; 222; 3.1155; -340.830034; -0.596466; 534.316878; 0.0010435877; 42.335616; 0.0090932255;
24; 223; 3.1256; -340.829994; -0.596108; 532.957158; 0.0010409319; 42.292787; 0.0090886247;
24; 224; 3.1356; -340.829936; -0.595751; 531.063713; 0.0010372338; 42.276765; 0.0090869030;
24; 225; 3.1456; -340.829876; -0.595391; 529.449684; 0.0010340814; 42.254653; 0.0090845264;
24; 226; 3.1556; -340.829838; -0.595038; 528.202783; 0.0010316461; 42.211590; 0.0090798960;
24; 227; 3.1657; -340.829781; -0.594691; 526.592302; 0.0010285006; 42.195488; 0.0090781641;
24; 228; 3.1757; -340.829724; -0.594341; 525.191720; 0.0010257651; 42.173280; 0.0090757748;
24; 229; 3.1857; -340.829687; -0.593993; 524.043399; 0.0010235223; 42.129940; 0.0090711102;
24; 230; 3.1957; -340.829633; -0.593655; 522.650077; 0.0010208009; 42.113741; 0.0090693661;
24; 231; 3.2058; -340.829577; -0.593314; 521.424166; 0.0010184066; 42.091420; 0.0090669623;
24; 232; 3.2158; -340.829542; -0.592971; 520.360398; 0.0010163289; 42.047891; 0.0090622727;
24; 233; 3.2258; -340.829489; -0.592643; 519.146523; 0.0010139581; 42.031620; 0.0090605192;
24; 234; 3.2358; -340.829435; -0.592311; 518.056525; 0.0010118291; 42.009205; 0.0090581029;
24; 235; 3.2459; -340.829403; -0.591973; 517.058601; 0.0010098801; 41.965477; 0.0090533873;
24; 236; 3.2559; -340.829351; -0.591654; 515.993979; 0.0010078007; 41.949150; 0.0090516260;
24; 237; 3.2659; -340.829299; -0.591331; 515.024247; 0.0010059067; 41.926674; 0.0090492009;
24; 238; 3.2759; -340.829268; -0.590997; 514.084864; 0.0010040720; 41.882807; 0.0090444656;
24; 239; 3.2860; -340.829219; -0.590688; 513.144273; 0.0010022349; 41.866461; 0.0090427005;
24; 240; 3.2960; -340.829168; -0.590372; 512.267029; 0.0010005215; 41.843982; 0.0090402725;
24; 241; 3.3060; -340.829139; -0.590044; 511.377644; 0.0009987845; 41.800084; 0.0090355292;
24; 242; 3.3160; -340.829091; -0.589743; 510.536056; 0.0009971407; 41.783736; 0.0090337622;
24; 243; 3.3261; -340.829042; -0.589435; 509.736482; 0.0009955791; 41.761257; 0.0090313319;
24; 244; 3.3361; -340.829014; -0.589112; 508.890457; 0.0009939267; 41.717433; 0.0090265919;
24; 245; 3.3461; -340.828968; -0.588819; 508.132899; 0.0009924471; 41.701153; 0.0090248305;
24; 246; 3.3561; -340.828921; -0.588520; 507.401224; 0.0009910180; 41.678788; 0.0090224101;
24; 247; 3.3662; -340.828895; -0.588201; 506.592246; 0.0009894380; 41.635064; 0.0090176762;
24; 248; 3.3762; -340.828850; -0.587744; 748.495070; 0.0014619044; 41.618160; 0.0090158454;
24; 249; 3.3862; -340.828804; -0.587624; 505.230625; 0.0009867786; 41.596620; 0.0090135120;
24; 250; 3.3962; -340.828780; -0.587307; 504.454989; 0.0009852637; 41.552996; 0.0090087844;
24; 251; 3.4063; -340.828736; -0.587031; 503.824325; 0.0009840319; 41.537008; 0.0090070510;
24; 252; 3.4163; -340.828692; -0.586745; 503.199048; 0.0009828106; 41.514917; 0.0090046556;
24; 253; 3.4263; -340.828669; -0.586435; 502.452087; 0.0009813517; 41.471721; 0.0089999697;
24; 254; 3.4363; -340.828627; -0.586165; 501.873186; 0.0009802211; 41.455824; 0.0089982446;
24; 255; 3.4464; -340.828598; -0.585865; 501.178887; 0.0009788650; 41.417674; 0.0089941034;
24; 256; 3.4564; -340.828557; -0.585597; 500.633663; 0.0009778001; 41.401784; 0.0089923778;
24; 257; 3.4664; -340.828529; -0.585300; 499.961413; 0.0009764871; 41.364186; 0.0089882939;
24; 258; 3.4764; -340.828489; -0.585037; 499.441727; 0.0009754721; 41.348358; 0.0089865740;
24; 259; 3.4865; -340.828461; -0.584742; 498.784927; 0.0009741893; 41.310919; 0.0089825046;
24; 260; 3.4965; -340.828422; -0.584483; 498.289613; 0.0009732219; 41.295210; 0.0089807966;
24; 261; 3.5065; -340.828395; -0.584191; 497.648209; 0.0009719692; 41.257950; 0.0089767440;
24; 262; 3.5165; -340.828357; -0.583936; 497.174331; 0.0009710436; 41.242359; 0.0089750477;
24; 263; 3.5266; -340.828331; -0.583647; 496.547406; 0.0009698192; 41.205323; 0.0089710171;
24; 264; 3.5366; -340.828294; -0.583396; 496.094787; 0.0009689351; 41.189805; 0.0089693276;
24; 265; 3.5466; -340.828269; -0.583109; 495.480792; 0.0009677359; 41.152903; 0.0089653089;
24; 266; 3.5566; -340.828233; -0.582862; 495.046798; 0.0009668883; 41.137505; 0.0089636315;
24; 267; 3.5667; -340.828209; -0.582578; 494.444110; 0.0009657112; 41.100725; 0.0089596235;
24; 268; 3.5767; -340.828173; -0.582335; 494.026423; 0.0009648954; 41.085405; 0.0089579535;
24; 269; 3.5867; -340.828150; -0.582054; 493.435190; 0.0009637406; 41.048801; 0.0089539623;
24; 270; 3.5967; -340.828115; -0.581815; 493.032794; 0.0009629547; 41.033537; 0.0089522973;
24; 271; 3.6068; -340.828093; -0.581537; 492.452124; 0.0009618206; 40.997007; 0.0089483115;
24; 272; 3.6168; -340.828059; -0.581301; 492.063837; 0.0009610622; 40.981786; 0.0089466503;
24; 273; 3.6268; -340.828037; -0.581026; 491.492911; 0.0009599471; 40.945342; 0.0089426714;
24; 274; 3.6368; -340.828004; -0.580794; 491.117882; 0.0009592146; 40.930167; 0.0089410140;
24; 275; 3.6469; -340.827983; -0.580521; 490.556117; 0.0009581174; 40.893791; 0.0089370401;
24; 276; 3.6569; -340.827950; -0.580293; 490.192946; 0.0009574081; 40.878623; 0.0089353825;
24; 277; 3.6669; -340.827930; -0.580023; 489.639218; 0.0009563266; 40.842244; 0.0089314057;
24; 278; 3.6769; -340.827898; -0.579798; 489.287042; 0.0009556388; 40.827100; 0.0089297497;
24; 279; 3.6870; -340.827878; -0.579531; 488.741712; 0.0009545737; 40.790799; 0.0089257789;
24; 280; 3.6970; -340.827847; -0.579309; 488.399179; 0.0009539046; 40.775626; 0.0089241187;
24; 281; 3.7070; -340.827828; -0.579045; 487.861237; 0.0009528540; 40.739288; 0.0089201413;
24; 282; 3.7170; -340.827797; -0.578826; 487.529730; 0.0009522065; 40.724111; 0.0089184797;
24; 283; 3.7271; -340.827779; -0.578564; 486.998604; 0.0009511691; 40.687717; 0.0089144937;
24; 284; 3.7371; -340.827749; -0.578348; 486.676216; 0.0009505395; 40.672545; 0.0089128315;
24; 285; 3.7471; -340.827732; -0.578089; 486.152285; 0.0009495162; 40.636179; 0.0089088460;
24; 286; 3.7571; -340.827702; -0.577876; 485.838435; 0.0009489032; 40.620964; 0.0089071780;
24; 287; 3.7672; -340.827685; -0.577619; 485.320142; 0.0009478909; 40.584553; 0.0089031851;
24; 288; 3.7772; -340.827656; -0.577409; 485.014995; 0.0009472949; 40.569322; 0.0089015143;
24; 289; 3.7872; -340.827640; -0.577154; 484.504198; 0.0009462973; 40.532911; 0.0088975188;
24; 290; 3.7972; -340.827611; -0.576947; 484.209341; 0.0009457214; 40.517664; 0.0088958452;
24; 291; 3.8073; -340.827596; -0.576694; 483.703824; 0.0009447340; 40.481224; 0.0088918441;
24; 292; 3.8173; -340.827568; -0.576489; 483.417261; 0.0009441743; 40.465977; 0.0088901693;
24; 293; 3.8273; -340.827553; -0.576238; 482.918043; 0.0009431993; 40.429564; 0.0088861686;
24; 294; 3.8373; -340.827526; -0.576037; 482.639326; 0.0009426549; 40.414322; 0.0088844934;
24; 295; 3.8474; -340.827511; -0.575788; 482.145143; 0.0009416897; 40.377934; 0.0088804928;
24; 296; 3.8574; -340.827484; -0.575588; 481.875225; 0.0009411625; 40.362683; 0.0088788155;
24; 297; 3.8674; -340.827470; -0.575342; 481.387436; 0.0009402098; 40.326358; 0.0088748193;
24; 298; 3.8774; -340.827444; -0.575145; 481.124911; 0.0009396971; 40.311137; 0.0088731442;
24; 299; 3.8875; -340.827431; -0.574900; 480.641106; 0.0009387522; 40.274826; 0.0088691471;
24; 300; 3.8975; -340.827405; -0.574705; 480.385487; 0.0009382529; 40.259681; 0.0088674793;
24; 301; 3.9075; -340.827392; -0.574463; 479.908080; 0.0009373205; 40.223530; 0.0088634972;
24; 302; 3.9175; -340.827367; -0.574270; 479.658570; 0.0009368331; 40.208423; 0.0088618325;
24; 303; 3.9276; -340.827354; -0.574029; 479.185538; 0.0009359093; 40.172380; 0.0088578598;
24; 304; 3.9376; -340.827330; -0.573840; 478.942482; 0.0009354345; 40.157362; 0.0088562039;
24; 305; 3.9476; -340.827318; -0.573601; 478.474454; 0.0009345204; 40.121514; 0.0088522501;
24; 306; 3.9576; -340.827294; -0.573414; 478.236434; 0.0009340555; 40.106591; 0.0088506037;
24; 307; 3.9677; -340.827282; -0.573177; 477.772364; 0.0009331491; 40.070914; 0.0088466662;
24; 308; 3.9777; -340.827258; -0.572992; 477.540542; 0.0009326964; 40.056114; 0.0088450323;
24; 309; 3.9877; -340.827247; -0.572758; 477.081049; 0.0009317989; 40.020622; 0.0088411129;
24; 310; 3.9977; -340.827224; -0.572576; 476.853545; 0.0009313546; 40.005955; 0.0088394927;
24; 311; 4.0078; -340.827213; -0.572344; 476.397968; 0.0009304648; 39.970704; 0.0088355974;
24; 312; 4.0178; -340.827190; -0.572163; 476.174756; 0.0009300288; 39.956163; 0.0088339901;
24; 313; 4.0278; -340.827180; -0.571933; 475.723390; 0.0009291472; 39.921146; 0.0088301182;
24; 314; 4.0378; -340.827157; -0.571755; 475.505701; 0.0009287221; 39.906742; 0.0088285251;
24; 315; 4.0479; -340.827147; -0.571527; 475.058570; 0.0009278488; 39.871975; 0.0088246785;
24; 316; 4.0579; -340.827125; -0.571351; 474.848037; 0.0009274376; 39.857717; 0.0088231005;
24; 317; 4.0679; -340.827115; -0.571125; 474.404403; 0.0009265711; 39.823201; 0.0088192794;
24; 318; 4.0779; -340.827093; -0.570951; 474.196651; 0.0009261653; 39.809089; 0.0088177167;
24; 319; 4.0880; -340.827084; -0.570726; 473.756202; 0.0009253051; 39.774809; 0.0088139193;
24; 320; 4.0980; -340.827062; -0.570554; 473.550922; 0.0009249041; 39.760834; 0.0088123708;
24; 321; 4.1080; -340.827053; -0.570331; 473.113929; 0.0009240506; 39.726803; 0.0088085987;
24; 322; 4.1180; -340.827032; -0.570161; 472.917650; 0.0009236673; 39.712959; 0.0088070638;
24; 323; 4.1281; -340.827023; -0.569940; 472.484712; 0.0009228217; 39.679150; 0.0088033142;
24; 324; 4.1381; -340.827002; -0.569772; 472.292944; 0.0009224472; 39.665429; 0.0088017919;
24; 325; 4.1481; -340.826994; -0.569552; 471.862510; 0.0009216065; 39.631809; 0.0087980610;
24; 326; 4.1581; -340.826973; -0.569386; 471.672167; 0.0009212347; 39.618195; 0.0087965498;
24; 327; 4.1682; -340.826965; -0.569168; 471.244249; 0.0009203989; 39.584761; 0.0087928372;
24; 328; 4.1782; -340.826945; -0.569004; 471.055778; 0.0009200308; 39.571236; 0.0087913349;
24; 329; 4.1882; -340.826937; -0.568787; 470.629992; 0.0009191992; 39.537935; 0.0087876350;
24; 330; 4.1982; -340.826917; -0.568624; 470.445749; 0.0009188394; 39.524486; 0.0087861403;
24; 331; 4.2083; -340.826910; -0.568410; 470.022918; 0.0009180135; 39.491325; 0.0087824538;
24; 332; 4.2183; -340.826890; -0.568249; 469.840944; 0.0009176581; 39.477920; 0.0087809630;
24; 333; 4.2283; -340.826883; -0.568036; 469.419933; 0.0009168358; 39.444790; 0.0087772778;
24; 334; 4.2383; -340.826864; -0.567876; 469.238506; 0.0009164815; 39.431411; 0.0087757891;
24; 335; 4.2484; -340.826857; -0.567665; 468.819692; 0.0009156635; 39.398314; 0.0087721054;
24; 336; 4.2584; -340.826838; -0.567507; 468.640200; 0.0009153129; 39.384933; 0.0087706155;
24; 337; 4.2684; -340.826831; -0.567297; 468.222895; 0.0009144978; 39.351825; 0.0087669284;
24; 338; 4.2784; -340.826813; -0.567140; 468.044395; 0.0009141492; 39.338423; 0.0087654354;
24; 339; 4.2885; -340.826807; -0.566932; 467.628961; 0.0009133378; 39.305258; 0.0087617397;
24; 340; 4.2985; -340.826788; -0.566777; 467.451464; 0.0009129911; 39.291820; 0.0087602418;
24; 341; 4.3085; -340.826782; -0.566570; 467.037375; 0.0009121824; 39.258565; 0.0087565338;
24; 342; 4.3185; -340.826764; -0.566417; 466.859881; 0.0009118357; 39.245064; 0.0087550280;
24; 343; 4.3286; -340.826759; -0.566212; 466.447449; 0.0009110302; 39.211667; 0.0087513020;
24; 344; 4.3386; -340.826741; -0.566060; 466.272238; 0.0009106880; 39.198106; 0.0087497887;
24; 345; 4.3486; -340.826736; -0.565856; 465.860895; 0.0009098846; 39.164576; 0.0087460456;
24; 346; 4.3586; -340.826718; -0.565706; 465.684903; 0.0009095408; 39.150894; 0.0087445177;
24; 347; 4.3687; -340.826713; -0.565505; 465.274662; 0.0009087396; 39.117168; 0.0087407505;
24; 348; 4.3787; -340.826695; -0.565356; 465.098844; 0.0009083962; 39.103386; 0.0087392106;
24; 349; 4.3887; -340.826691; -0.565156; 464.689433; 0.0009075965; 39.069466; 0.0087354193;
24; 350; 4.3987; -340.826673; -0.565010; 464.513406; 0.0009072527; 39.055566; 0.0087338653;
24; 351; 4.4088; -340.826669; -0.564811; 464.104691; 0.0009064545; 39.021389; 0.0087300430;
24; 352; 4.4188; -340.826652; -0.564666; 463.930324; 0.0009061139; 39.007379; 0.0087284756;
24; 353; 4.4288; -340.826647; -0.564468; 463.523414; 0.0009053192; 38.973100; 0.0087246396;
24; 354; 4.4388; -340.826630; -0.564324; 463.348137; 0.0009049768; 38.958949; 0.0087230555;
24; 355; 4.4489; -340.826626; -0.564129; 462.941747; 0.0009041831; 38.924408; 0.0087191877;
24; 356; 4.4589; -340.826609; -0.563986; 462.766599; 0.0009038410; 38.910152; 0.0087175909;
24; 357; 4.4689; -340.826605; -0.563792; 462.360792; 0.0009030484; 38.875412; 0.0087136984;
24; 358; 4.4789; -340.826588; -0.563651; 462.185253; 0.0009027056; 38.861042; 0.0087120878;
24; 359; 4.4890; -340.826585; -0.563458; 461.780436; 0.0009019149; 38.826145; 0.0087081751;
24; 360; 4.4990; -340.826568; -0.563318; 461.604748; 0.0009015718; 38.811679; 0.0087065527;
24; 361; 4.5090; -340.826564; -0.563126; 461.200678; 0.0009007826; 38.776624; 0.0087026199;
24; 362; 4.5190; -340.826548; -0.562988; 461.025570; 0.0009004406; 38.762099; 0.0087009899;
24; 363; 4.5291; -340.826545; -0.562797; 460.622773; 0.0008996539; 38.726965; 0.0086970457;
24; 364; 4.5391; -340.826529; -0.562659; 460.447827; 0.0008993122; 38.712386; 0.0086954085;
24; 365; 4.5491; -340.826525; -0.562470; 460.045576; 0.0008985265; 38.677190; 0.0086914548;
24; 366; 4.5591; -340.826509; -0.562334; 459.870309; 0.0008981842; 38.662584; 0.0086898135;
24; 367; 4.5692; -340.826506; -0.562147; 459.469107; 0.0008974006; 38.627397; 0.0086858583;
24; 368; 4.5792; -340.826491; -0.562011; 459.293436; 0.0008970575; 38.612791; 0.0086842160;
24; 369; 4.5892; -340.826488; -0.561825; 458.893464; 0.0008962763; 38.577649; 0.0086802633;
24; 370; 4.5992; -340.826472; -0.561691; 458.718251; 0.0008959341; 38.563070; 0.0086786230;
24; 371; 4.6093; -340.826469; -0.561506; 458.319407; 0.0008951551; 38.528025; 0.0086746786;
24; 372; 4.6193; -340.826454; -0.561374; 458.145171; 0.0008948148; 38.513525; 0.0086730461;
24; 373; 4.6293; -340.826451; -0.561190; 457.746974; 0.0008940371; 38.478632; 0.0086691164;
24; 374; 4.6393; -340.826436; -0.561058; 457.572808; 0.0008936969; 38.464231; 0.0086674939;
24; 375; 4.6494; -340.826434; -0.560876; 457.175694; 0.0008929213; 38.429549; 0.0086635855;
24; 376; 4.6594; -340.826419; -0.560745; 457.001716; 0.0008925815; 38.415281; 0.0086619770;
24; 377; 4.6694; -340.826417; -0.560564; 456.606145; 0.0008918089; 38.380871; 0.0086580967;
24; 378; 4.6794; -340.826402; -0.560435; 456.431813; 0.0008914684; 38.366764; 0.0086565054;
24; 379; 4.6895; -340.826400; -0.560255; 456.037564; 0.0008906984; 38.332665; 0.0086526578;
24; 380; 4.6995; -340.826385; -0.560126; 455.864683; 0.0008903607; 38.318756; 0.0086510878;
24; 381; 4.7095; -340.826383; -0.559947; 455.471594; 0.0008895930; 38.285025; 0.0086472793;
24; 382; 4.7195; -340.826369; -0.559820; 455.299414; 0.0008892567; 38.271314; 0.0086457308;
24; 383; 4.7296; -340.826367; -0.559643; 454.907623; 0.0008884915; 38.237979; 0.0086419646;
24; 384; 4.7396; -340.826353; -0.559517; 454.735889; 0.0008881560; 38.224515; 0.0086404430;
24; 385; 4.7496; -340.826351; -0.559340; 454.345778; 0.0008873941; 38.191615; 0.0086367238;
24; 386; 4.7596; -340.826337; -0.559215; 454.173776; 0.0008870582; 38.178387; 0.0086352280;
24; 387; 4.7697; -340.826336; -0.559040; 453.784820; 0.0008862985; 38.145940; 0.0086315577;
24; 388; 4.7797; -340.826322; -0.558916; 453.616023; 0.0008859688; 38.132988; 0.0086300922;
24; 389; 4.7897; -340.826320; -0.558743; 453.229346; 0.0008852136; 38.101015; 0.0086264735;
24; 390; 4.7997; -340.826306; -0.558620; 453.061867; 0.0008848865; 38.088323; 0.0086250366;
24; 391; 4.8098; -340.826305; -0.558448; 452.676529; 0.0008841338; 38.056823; 0.0086214693;
24; 392; 4.8198; -340.826291; -0.558326; 452.509876; 0.0008838084; 38.044394; 0.0086200614;
24; 393; 4.8298; -340.826290; -0.558154; 452.126187; 0.0008830590; 38.013375; 0.0086165465;
24; 394; 4.8398; -340.826277; -0.558034; 451.960682; 0.0008827357; 38.001203; 0.0086151669;
24; 395; 4.8499; -340.826276; -0.557864; 451.578433; 0.0008819891; 37.970627; 0.0086117002;
24; 396; 4.8599; -340.826262; -0.557744; 451.420519; 0.0008816807; 37.958706; 0.0086103483;
24; 397; 4.8699; -340.826261; -0.557575; 451.041296; 0.0008809400; 37.928563; 0.0086069288;
24; 398; 4.8799; -340.826248; -0.557457; 450.883385; 0.0008806316; 37.916868; 0.0086056018;
24; 399; 4.8900; -340.826247; -0.557288; 450.505454; 0.0008798935; 37.887113; 0.0086022245;
24; 400; 4.9000; -340.826234; -0.557171; 450.350361; 0.0008795905; 37.875629; 0.0086009207;
