16; 1; 0.9000; -340.398846; -0.788780; 881.613162; 0.0017219007; 48.080906; 0.0096906150;
16; 2; 0.9100; -340.432213; -0.788495; 883.100708; 0.0017248061; 48.093480; 0.0096918820;
16; 3; 0.9201; -340.463584; -0.788138; 884.048210; 0.0017266567; 48.074631; 0.0096899826;
16; 4; 0.9301; -340.493077; -0.787817; 887.271532; 0.0017329522; 48.068831; 0.0096893981;
16; 5; 0.9401; -340.520810; -0.787468; 887.130154; 0.0017326761; 48.056680; 0.0096881733;
16; 6; 0.9501; -340.546853; -0.787727; 650.598395; 0.0012707000; 48.045996; 0.0096870964;
16; 7; 0.9602; -340.571317; -0.786804; 891.703988; 0.0017416094; 48.029599; 0.0096854432;
16; 8; 0.9702; -340.594278; -0.786457; 891.689031; 0.0017415801; 48.013446; 0.0096838144;
16; 9; 0.9802; -340.615820; -0.786098; 892.501569; 0.0017431671; 47.975396; 0.0096799765;
16; 10; 0.9902; -340.636025; -0.785754; 893.949385; 0.0017459949; 47.965755; 0.0096790039;
16; 11; 1.0003; -340.654960; -0.785382; 894.992423; 0.0017480321; 47.937960; 0.0096761991;
16; 12; 1.0103; -340.672697; -0.785025; 896.812590; 0.0017515871; 47.924547; 0.0096748452;
16; 13; 1.0203; -340.689301; -0.784652; 897.619423; 0.0017531629; 47.879328; 0.0096702798;
16; 14; 1.0303; -340.704840; -0.784288; 899.164115; 0.0017561799; 47.865796; 0.0096689133;
16; 15; 1.0404; -340.719361; -0.783924; 900.247507; 0.0017582959; 47.834851; 0.0096657873;
16; 16; 1.0504; -340.732927; -0.783566; 901.502372; 0.0017607468; 47.807875; 0.0096630614;
16; 17; 1.0604; -340.745589; -0.783207; 902.871709; 0.0017634213; 47.784579; 0.0096607068;
16; 18; 1.0704; -340.757405; -0.782806; 904.798654; 0.0017671849; 47.768454; 0.0096590766;
16; 19; 1.0805; -340.768407; -0.782453; 905.870787; 0.0017692789; 47.738369; 0.0096560344;
16; 20; 1.0905; -340.778647; -0.782108; 907.201245; 0.0017718774; 47.718419; 0.0096540166;
16; 21; 1.1005; -340.788168; -0.781762; 908.525929; 0.0017744647; 47.696139; 0.0096517627;
16; 22; 1.1105; -340.797016; -0.781361; 910.441808; 0.0017782067; 47.684813; 0.0096506166;
16; 23; 1.1206; -340.805216; -0.781035; 911.695652; 0.0017806556; 47.664279; 0.0096485384;
16; 24; 1.1306; -340.812810; -0.780705; 913.012275; 0.0017832271; 47.644630; 0.0096465496;
16; 25; 1.1406; -340.819832; -0.780380; 914.446866; 0.0017860290; 47.630028; 0.0096450712;
16; 26; 1.1506; -340.826316; -0.780054; 915.878202; 0.0017888246; 47.613836; 0.0096434316;
16; 27; 1.1607; -340.832297; -0.779669; 917.809671; 0.0017925970; 47.606374; 0.0096426759;
16; 28; 1.1707; -340.837791; -0.779376; 919.030073; 0.0017949806; 47.586157; 0.0096406282;
16; 29; 1.1807; -340.842833; -0.779087; 920.367212; 0.0017975922; 47.567417; 0.0096387297;
16; 30; 1.1907; -340.847450; -0.778793; 921.764899; 0.0018003221; 47.548691; 0.0096368323;
16; 31; 1.2008; -340.851665; -0.778510; 923.176874; 0.0018030798; 47.527859; 0.0096347210;
16; 32; 1.2108; -340.855503; -0.778231; 924.595433; 0.0018058505; 47.504973; 0.0096324011;
16; 33; 1.2208; -340.858986; -0.777955; 926.018374; 0.0018086296; 47.479571; 0.0096298254;
16; 34; 1.2308; -340.862135; -0.777692; 927.434213; 0.0018113949; 47.451798; 0.0096270086;
16; 35; 1.2409; -340.864969; -0.777436; 928.847348; 0.0018141550; 47.421839; 0.0096239690;
16; 36; 1.2509; -340.867508; -0.777191; 930.245167; 0.0018168851; 47.390051; 0.0096207429;
16; 37; 1.2609; -340.869771; -0.776958; 931.645408; 0.0018196199; 47.356790; 0.0096173661;
16; 38; 1.2709; -340.871774; -0.776731; 933.013661; 0.0018222923; 47.322475; 0.0096138811;
16; 39; 1.2810; -340.873534; -0.776521; 934.364168; 0.0018249300; 47.287565; 0.0096103343;
16; 40; 1.2910; -340.875066; -0.776315; 935.699960; 0.0018275390; 47.252439; 0.0096067643;
16; 41; 1.3010; -340.876385; -0.776122; 937.050445; 0.0018301767; 47.217508; 0.0096032127;
16; 42; 1.3110; -340.877506; -0.775939; 938.405193; 0.0018328226; 47.183164; 0.0095997196;
16; 43; 1.3211; -340.878441; -0.775771; 939.741370; 0.0018354324; 47.149704; 0.0095963152;
16; 44; 1.3311; -340.879204; -0.775611; 941.057170; 0.0018380023; 47.117533; 0.0095930408;
16; 45; 1.3411; -340.879807; -0.775463; 942.347916; 0.0018405233; 47.086922; 0.0095899241;
16; 46; 1.3511; -340.880261; -0.775323; 943.616769; 0.0018430015; 47.058104; 0.0095869891;
16; 47; 1.3612; -340.880576; -0.775198; 944.870289; 0.0018454498; 47.031197; 0.0095842479;
16; 48; 1.3712; -340.880765; -0.775083; 946.112365; 0.0018478757; 47.006362; 0.0095817170;
16; 49; 1.3812; -340.880835; -0.774976; 947.349063; 0.0018502911; 46.983622; 0.0095793991;
16; 50; 1.3912; -340.880797; -0.774883; 948.567903; 0.0018526717; 46.962897; 0.0095772861;
16; 51; 1.4013; -340.880660; -0.774801; 949.743083; 0.0018549670; 46.944125; 0.0095753718;
16; 52; 1.4113; -340.880431; -0.774730; 950.878248; 0.0018571841; 46.926972; 0.0095736222;
16; 53; 1.4213; -340.880119; -0.774669; 951.971447; 0.0018593192; 46.911071; 0.0095720000;
16; 54; 1.4313; -340.879731; -0.774618; 953.027451; 0.0018613817; 46.895837; 0.0095704457;
16; 55; 1.4414; -340.879275; -0.774578; 954.029596; 0.0018633391; 46.880680; 0.0095688990;
16; 56; 1.4514; -340.878757; -0.774549; 954.976271; 0.0018651880; 46.864820; 0.0095672803;
16; 57; 1.4614; -340.878183; -0.774530; 955.868982; 0.0018669316; 46.847516; 0.0095655138;
16; 58; 1.4714; -340.877560; -0.774522; 956.712598; 0.0018685793; 46.828188; 0.0095635404;
16; 59; 1.4815; -340.876893; -0.774523; 957.510827; 0.0018701383; 46.806410; 0.0095613163;
16; 60; 1.4915; -340.876188; -0.774533; 958.255172; 0.0018715921; 46.782087; 0.0095588317;
16; 61; 1.5015; -340.875449; -0.774555; 958.946112; 0.0018729416; 46.755374; 0.0095561023;
16; 62; 1.5115; -340.874681; -0.774585; 959.585610; 0.0018741906; 46.726633; 0.0095531647;
16; 63; 1.5216; -340.873889; -0.774623; 960.192790; 0.0018753765; 46.696374; 0.0095500709;
16; 64; 1.5316; -340.873077; -0.774672; 960.747522; 0.0018764600; 46.665204; 0.0095468830;
16; 65; 1.5416; -340.872248; -0.774727; 961.288454; 0.0018775165; 46.633683; 0.0095436582;
16; 66; 1.5516; -340.871406; -0.774792; 961.811807; 0.0018785387; 46.602285; 0.0095404448;
16; 67; 1.5617; -340.870555; -0.774866; 962.306839; 0.0018795055; 46.571480; 0.0095372911;
16; 68; 1.5717; -340.869696; -0.774947; 962.789375; 0.0018804480; 46.541587; 0.0095342298;
16; 69; 1.5817; -340.868834; -0.775036; 963.241479; 0.0018813310; 46.512959; 0.0095312970;
16; 70; 1.5917; -340.867970; -0.775133; 963.670877; 0.0018821697; 46.485883; 0.0095285224;
16; 71; 1.6018; -340.867108; -0.775237; 964.092016; 0.0018829922; 46.460606; 0.0095259315;
16; 72; 1.6118; -340.866249; -0.775348; 964.500661; 0.0018837904; 46.437274; 0.0095235393;
16; 73; 1.6218; -340.865395; -0.775473; 964.853633; 0.0018844798; 46.416000; 0.0095213575;
16; 74; 1.6318; -340.864547; -0.775590; 965.257871; 0.0018852693; 46.396899; 0.0095193983;
16; 75; 1.6419; -340.863709; -0.775720; 965.622801; 0.0018859820; 46.379907; 0.0095176549;
16; 76; 1.6519; -340.862880; -0.775856; 965.968889; 0.0018866580; 46.364981; 0.0095161234;
16; 77; 1.6619; -340.862063; -0.775997; 966.301589; 0.0018873078; 46.351965; 0.0095147875;
16; 78; 1.6719; -340.861258; -0.776143; 966.628975; 0.0018879472; 46.340643; 0.0095136254;
16; 79; 1.6820; -340.860466; -0.776294; 966.946636; 0.0018885676; 46.330628; 0.0095125973;
16; 80; 1.6920; -340.859688; -0.776450; 967.261298; 0.0018891822; 46.321518; 0.0095116621;
16; 81; 1.7020; -340.858925; -0.776609; 967.563654; 0.0018897728; 46.312633; 0.0095107498;
16; 82; 1.7120; -340.858178; -0.776772; 967.858378; 0.0018903484; 46.303140; 0.0095097749;
16; 83; 1.7221; -340.857446; -0.776938; 968.144889; 0.0018909080; 46.292075; 0.0095086386;
16; 84; 1.7321; -340.856730; -0.777106; 968.415062; 0.0018914357; 46.278504; 0.0095072447;
16; 85; 1.7421; -340.856032; -0.777276; 968.675636; 0.0018919446; 46.261521; 0.0095055001;
16; 86; 1.7521; -340.855349; -0.777446; 968.909966; 0.0018924023; 46.240542; 0.0095033446;
16; 87; 1.7622; -340.854684; -0.777617; 969.131986; 0.0018928359; 46.215316; 0.0095007521;
16; 88; 1.7722; -340.854035; -0.777788; 969.340446; 0.0018932431; 46.186121; 0.0094977507;
16; 89; 1.7822; -340.853404; -0.777958; 969.541933; 0.0018936366; 46.153427; 0.0094943885;
16; 90; 1.7922; -340.852789; -0.778127; 969.736240; 0.0018940161; 46.117958; 0.0094907395;
16; 91; 1.8023; -340.852192; -0.778293; 969.928891; 0.0018943924; 46.080381; 0.0094868722;
16; 92; 1.8123; -340.851610; -0.778456; 970.134410; 0.0018947938; 46.041379; 0.0094828566;
16; 93; 1.8223; -340.851046; -0.778614; 970.323222; 0.0018951625; 46.001453; 0.0094787440;
16; 94; 1.8323; -340.850497; -0.778767; 970.502693; 0.0018955131; 45.961091; 0.0094745847;
16; 95; 1.8424; -340.849965; -0.778914; 970.684779; 0.0018958687; 45.920622; 0.0094704126;
16; 96; 1.8524; -340.849448; -0.779054; 970.888221; 0.0018962661; 45.880379; 0.0094662620;
16; 97; 1.8624; -340.848947; -0.779185; 971.100894; 0.0018966814; 45.840674; 0.0094621650;
16; 98; 1.8724; -340.848461; -0.779307; 971.324495; 0.0018971182; 45.801706; 0.0094581423;
16; 99; 1.8825; -340.847989; -0.779418; 971.527284; 0.0018975142; 45.763709; 0.0094542183;
16; 100; 1.8925; -340.847532; -0.779517; 971.691270; 0.0018978345; 45.726789; 0.0094504039;
16; 101; 1.9025; -340.847089; -0.779603; 971.807285; 0.0018980611; 45.691079; 0.0094467131;
16; 102; 1.9125; -340.846659; -0.779673; 971.879323; 0.0018982018; 45.656580; 0.0094431461;
16; 103; 1.9226; -340.846243; -0.779727; 971.881064; 0.0018982052; 45.623291; 0.0094397028;
16; 104; 1.9326; -340.845840; -0.779763; 971.793832; 0.0018980348; 45.591150; 0.0094363772;
16; 105; 1.9426; -340.845450; -0.779779; 971.602090; 0.0018976603; 45.560043; 0.0094331574;
16; 106; 1.9526; -340.845071; -0.779773; 971.287035; 0.0018970450; 45.529804; 0.0094300264;
16; 107; 1.9627; -340.844705; -0.779744; 970.839109; 0.0018961701; 45.500147; 0.0094269547;
16; 108; 1.9727; -340.844350; -0.779689; 970.225233; 0.0018949712; 45.470720; 0.0094239058;
16; 109; 1.9827; -340.844006; -0.779608; 969.436397; 0.0018934305; 45.441067; 0.0094208324;
16; 110; 1.9927; -340.843673; -0.779497; 968.463344; 0.0018915300; 45.410623; 0.0094176761;
16; 111; 2.0028; -340.843350; -0.779355; 967.251552; 0.0018891632; 45.378775; 0.0094143731;
16; 112; 2.0128; -340.843037; -0.779180; 965.756555; 0.0018862433; 45.344957; 0.0094108644;
16; 113; 2.0228; -340.842735; -0.778971; 963.944698; 0.0018827045; 45.308623; 0.0094070933;
16; 114; 2.0328; -340.842441; -0.778725; 961.804289; 0.0018785240; 45.269540; 0.0094030351;
16; 115; 2.0429; -340.842156; -0.778441; 959.321567; 0.0018736749; 45.227832; 0.0093987025;
16; 116; 2.0529; -340.841880; -0.778118; 956.520207; 0.0018682035; 45.183977; 0.0093941447;
16; 117; 2.0629; -340.841613; -0.777755; 953.391533; 0.0018620928; 45.138666; 0.0093894333;
16; 118; 2.0729; -340.841353; -0.777350; 949.967415; 0.0018554051; 45.092696; 0.0093846509;
16; 119; 2.0830; -340.841102; -0.776905; 946.320397; 0.0018482820; 45.046844; 0.0093798783;
16; 120; 2.0930; -340.840857; -0.776418; 942.464526; 0.0018407510; 45.001798; 0.0093751873;
16; 121; 2.1030; -340.840620; -0.775891; 938.482670; 0.0018329740; 44.958031; 0.0093706272;
16; 122; 2.1130; -340.840390; -0.775324; 934.656918; 0.0018255018; 44.916012; 0.0093662472;
16; 123; 2.1231; -340.840167; -0.774718; 931.712602; 0.0018197512; 44.875980; 0.0093620723;
16; 124; 2.1331; -340.839949; -0.774077; 930.714309; 0.0018178014; 44.838114; 0.0093581217;
16; 125; 2.1431; -340.839738; -0.773402; 930.498472; 0.0018173798; 44.802268; 0.0093543802;
16; 126; 2.1531; -340.839533; -0.772694; 930.774166; 0.0018179183; 44.769004; 0.0093509069;
16; 127; 2.1632; -340.839334; -0.771957; 931.331666; 0.0018190072; 44.738091; 0.0093476780;
16; 128; 2.1732; -340.839139; -0.771195; 932.027002; 0.0018203652; 44.709596; 0.0093447006;
16; 129; 2.1832; -340.838950; -0.770410; 932.840387; 0.0018219539; 44.683204; 0.0093419421;
16; 130; 2.1932; -340.838766; -0.769604; 933.783175; 0.0018237953; 44.659183; 0.0093394308;
16; 131; 2.2033; -340.838587; -0.768782; 934.829389; 0.0018258387; 44.637298; 0.0093371421;
16; 132; 2.2133; -340.838412; -0.767946; 936.007376; 0.0018281394; 44.617450; 0.0093350660;
16; 133; 2.2233; -340.838242; -0.767099; 937.352840; 0.0018307673; 44.599450; 0.0093331828;
16; 134; 2.2333; -340.838075; -0.766246; 938.863071; 0.0018337169; 44.583247; 0.0093314873;
16; 135; 2.2434; -340.837913; -0.765387; 940.589371; 0.0018370886; 44.568657; 0.0093299602;
16; 136; 2.2534; -340.837754; -0.764526; 942.496672; 0.0018408138; 44.555505; 0.0093285835;
16; 137; 2.2634; -340.837600; -0.763665; 944.547054; 0.0018448185; 44.543618; 0.0093273391;
16; 138; 2.2734; -340.837448; -0.762808; 946.824145; 0.0018492659; 44.532813; 0.0093262077;
16; 139; 2.2835; -340.837300; -0.761955; 949.269005; 0.0018540410; 44.522903; 0.0093251700;
16; 140; 2.2935; -340.837155; -0.761110; 951.883060; 0.0018591466; 44.513680; 0.0093242041;
16; 141; 2.3035; -340.837013; -0.760275; 954.613116; 0.0018644787; 44.504923; 0.0093232869;
16; 142; 2.3135; -340.836874; -0.759450; 957.506930; 0.0018701307; 44.496442; 0.0093223984;
16; 143; 2.3236; -340.836738; -0.758639; 960.515780; 0.0018760074; 44.488028; 0.0093215170;
16; 144; 2.3336; -340.836604; -0.757842; 963.654309; 0.0018821373; 44.479500; 0.0093206236;
16; 145; 2.3436; -340.836473; -0.757061; 966.862377; 0.0018884031; 44.470692; 0.0093197007;
16; 146; 2.3536; -340.836344; -0.756298; 970.135221; 0.0018947954; 44.461441; 0.0093187312;
16; 147; 2.3637; -340.836220; -0.755594; 974.636104; 0.0019035861; 44.454766; 0.0093180317;
16; 148; 2.3737; -340.836093; -0.754889; 978.546844; 0.0019112243; 44.444543; 0.0093169602;
16; 149; 2.3837; -340.835968; -0.754202; 982.189230; 0.0019183383; 44.432658; 0.0093157144;
16; 150; 2.3937; -340.835845; -0.753536; 985.586085; 0.0019249728; 44.419560; 0.0093143412;
16; 151; 2.4038; -340.835724; -0.752893; 988.759326; 0.0019311706; 44.405315; 0.0093128476;
16; 152; 2.4138; -340.835606; -0.752273; 991.737469; 0.0019369872; 44.389835; 0.0093112242;
16; 153; 2.4238; -340.835490; -0.751678; 994.502906; 0.0019423885; 44.373003; 0.0093094588;
16; 154; 2.4338; -340.835375; -0.751129; 997.184258; 0.0019476255; 44.357710; 0.0093078544;
16; 155; 2.4439; -340.835262; -0.750598; 999.574175; 0.0019522933; 44.340039; 0.0093060002;
16; 156; 2.4539; -340.835151; -0.750091; 1001.683151; 0.0019564124; 44.320238; 0.0093039221;
16; 157; 2.4639; -340.835062; -0.749379; 1002.681205; 0.0019583617; 44.281656; 0.0092998715;
16; 158; 2.4739; -340.834952; -0.749021; 1004.671488; 0.0019622490; 44.266555; 0.0092982856;
16; 159; 2.4840; -340.834841; -0.748632; 1006.027532; 0.0019648975; 44.244098; 0.0092959268;
16; 160; 2.4940; -340.834733; -0.748248; 1006.929770; 0.0019666597; 44.217945; 0.0092931789;
16; 161; 2.5040; -340.834627; -0.747879; 1007.423587; 0.0019676242; 44.189246; 0.0092901626;
16; 162; 2.5140; -340.834539; -0.747284; 1007.567457; 0.0019679052; 44.138123; 0.0092847871;
16; 163; 2.5241; -340.834435; -0.747075; 1007.530411; 0.0019678328; 44.116074; 0.0092824677;
16; 164; 2.5341; -340.834331; -0.746812; 1007.023170; 0.0019668421; 44.085959; 0.0092792989;
16; 165; 2.5441; -340.834229; -0.746549; 1006.159685; 0.0019651556; 44.052539; 0.0092757811;
16; 166; 2.5541; -340.834145; -0.746031; 1005.458695; 0.0019637865; 43.995131; 0.0092697351;
16; 167; 2.5642; -340.834046; -0.745923; 1004.004128; 0.0019609456; 43.969739; 0.0092670597;
16; 168; 2.5742; -340.833946; -0.745753; 1002.252100; 0.0019575236; 43.936866; 0.0092635950;
16; 169; 2.5842; -340.833848; -0.745575; 1000.280038; 0.0019536720; 43.901416; 0.0092598570;
16; 170; 2.5942; -340.833769; -0.745116; 998.836806; 0.0019508531; 43.841767; 0.0092535642;
16; 171; 2.6043; -340.833673; -0.745094; 996.328646; 0.0019459544; 43.816231; 0.0092508689;
16; 172; 2.6143; -340.833577; -0.745000; 993.671676; 0.0019407650; 43.783843; 0.0092474493;
16; 173; 2.6243; -340.833483; -0.744893; 990.937888; 0.0019354256; 43.749508; 0.0092438227;
16; 174; 2.6343; -340.833408; -0.744484; 988.986970; 0.0019316152; 43.692007; 0.0092377460;
16; 175; 2.6444; -340.833316; -0.744531; 985.857834; 0.0019255036; 43.668221; 0.0092352311;
16; 176; 2.6544; -340.833223; -0.744497; 982.718470; 0.0019193720; 43.638111; 0.0092320467;
16; 177; 2.6644; -340.833133; -0.744445; 979.576017; 0.0019132344; 43.606341; 0.0092286854;
16; 178; 2.6744; -340.833062; -0.744077; 977.323883; 0.0019088357; 43.552598; 0.0092229967;
16; 179; 2.6845; -340.832973; -0.744174; 973.961534; 0.0019022686; 43.530993; 0.0092207088;
16; 180; 2.6945; -340.832884; -0.744187; 970.667171; 0.0018958343; 43.503365; 0.0092177823;
16; 181; 2.7045; -340.832812; -0.743884; 968.197921; 0.0018910116; 43.455058; 0.0092126630;
16; 182; 2.7145; -340.832725; -0.744010; 964.825938; 0.0018844257; 43.434647; 0.0092104991;
16; 183; 2.7246; -340.832638; -0.744049; 961.517739; 0.0018779643; 43.408402; 0.0092077160;
16; 184; 2.7346; -340.832568; -0.743772; 958.969439; 0.0018729872; 43.361832; 0.0092027756;
16; 185; 2.7446; -340.832484; -0.743921; 955.656281; 0.0018665162; 43.342089; 0.0092006803;
16; 186; 2.7546; -340.832399; -0.743980; 952.427661; 0.0018602103; 43.316462; 0.0091979598;
16; 187; 2.7647; -340.832331; -0.743716; 949.960613; 0.0018553918; 43.269970; 0.0091930224;
16; 188; 2.7747; -340.832249; -0.743885; 946.771127; 0.0018491624; 43.250511; 0.0091909550;
16; 189; 2.7847; -340.832166; -0.743963; 943.669962; 0.0018431054; 43.225169; 0.0091882620;
16; 190; 2.7947; -340.832102; -0.743711; 941.274692; 0.0018384271; 43.178607; 0.0091833118;
16; 191; 2.8048; -340.832022; -0.743895; 938.240067; 0.0018325001; 43.159843; 0.0091813163;
16; 192; 2.8148; -340.831941; -0.743985; 935.271515; 0.0018267022; 43.135318; 0.0091787073;
16; 193; 2.8248; -340.831879; -0.743747; 932.962496; 0.0018221924; 43.089927; 0.0091738767;
16; 194; 2.8348; -340.831801; -0.743938; 930.097925; 0.0018165975; 43.072356; 0.0091720060;
16; 195; 2.8449; -340.831722; -0.744038; 927.276051; 0.0018110860; 43.049083; 0.0091695278;
16; 196; 2.8549; -340.831662; -0.743808; 925.068697; 0.0018067748; 43.005526; 0.0091648878;
16; 197; 2.8649; -340.831586; -0.744010; 922.357003; 0.0018014785; 42.989133; 0.0091631409;
16; 198; 2.8749; -340.831510; -0.744118; 919.678963; 0.0017962480; 42.967117; 0.0091607942;
16; 199; 2.8850; -340.831452; -0.743893; 917.595691; 0.0017921791; 42.925322; 0.0091563377;
16; 200; 2.8950; -340.831379; -0.744102; 915.055441; 0.0017872177; 42.909864; 0.0091546889;
16; 201; 2.9050; -340.831304; -0.744216; 912.542190; 0.0017823090; 42.888738; 0.0091524350;
16; 202; 2.9150; -340.831249; -0.743996; 910.583380; 0.0017784832; 42.848136; 0.0091481017;
16; 203; 2.9251; -340.831177; -0.744209; 908.208175; 0.0017738441; 42.833129; 0.0091464996;
16; 204; 2.9351; -340.831105; -0.744326; 905.837022; 0.0017692129; 42.812437; 0.0091442901;
16; 205; 2.9451; -340.831052; -0.744114; 904.009903; 0.0017656443; 42.772275; 0.0091400000;
16; 206; 2.9551; -340.830982; -0.744328; 901.798877; 0.0017613259; 42.757342; 0.0091384043;
16; 207; 2.9652; -340.830912; -0.744448; 899.599311; 0.0017570299; 42.736649; 0.0091361927;
16; 208; 2.9752; -340.830861; -0.744236; 897.929374; 0.0017537683; 42.696430; 0.0091318927;
16; 209; 2.9852; -340.830793; -0.744454; 895.878489; 0.0017497627; 42.681354; 0.0091302804;
16; 210; 2.9952; -340.830725; -0.744576; 893.816561; 0.0017457355; 42.660505; 0.0091280501;
16; 211; 3.0053; -340.830676; -0.744368; 892.222341; 0.0017426218; 42.620142; 0.0091237309;
16; 212; 3.0153; -340.830610; -0.744585; 890.289762; 0.0017388472; 42.604960; 0.0091221057;
16; 213; 3.0253; -340.830543; -0.744709; 888.329106; 0.0017350178; 42.583960; 0.0091198573;
16; 214; 3.0353; -340.830497; -0.744502; 886.822002; 0.0017320742; 42.543711; 0.0091155463;
16; 215; 3.0454; -340.830433; -0.744720; 885.002711; 0.0017285209; 42.528348; 0.0091139003;
16; 216; 3.0554; -340.830368; -0.744846; 883.154229; 0.0017249106; 42.507218; 0.0091116360;
16; 217; 3.0654; -340.830323; -0.744639; 881.718321; 0.0017221061; 42.467141; 0.0091073396;
16; 218; 3.0754; -340.830261; -0.744857; 880.001459; 0.0017187528; 42.451608; 0.0091056739;
16; 219; 3.0855; -340.830198; -0.744982; 878.243960; 0.0017153202; 42.430393; 0.0091033983;
16; 220; 3.0955; -340.830156; -0.744777; 876.870543; 0.0017126378; 42.390386; 0.0090991056;
16; 221; 3.1055; -340.830096; -0.744994; 875.248433; 0.0017094696; 42.374742; 0.0090974264;
16; 222; 3.1155; -340.830034; -0.745119; 873.595645; 0.0017062415; 42.353470; 0.0090951427;
16; 223; 3.1256; -340.829994; -0.744913; 872.309800; 0.0017037301; 42.313197; 0.0090908175;
16; 224; 3.1356; -340.829936; -0.745131; 870.778198; 0.0017007387; 42.297324; 0.0090891122;
16; 225; 3.1456; -340.829876; -0.745255; 869.192929; 0.0016976424; 42.275723; 0.0090867911;
16; 226; 3.1556; -340.829838; -0.745052; 867.967030; 0.0016952481; 42.234278; 0.0090823358;
16; 227; 3.1657; -340.829781; -0.745267; 866.507831; 0.0016923981; 42.217703; 0.0090805534;
16; 228; 3.1757; -340.829724; -0.745390; 864.982934; 0.0016894198; 42.195110; 0.0090781234;
16; 229; 3.1857; -340.829687; -0.745186; 863.821607; 0.0016871516; 42.151090; 0.0090733868;
16; 230; 3.1957; -340.829633; -0.745404; 862.435867; 0.0016844451; 42.133259; 0.0090714674;
16; 231; 3.2058; -340.829577; -0.745523; 860.986486; 0.0016816142; 42.109157; 0.0090688724;
16; 232; 3.2158; -340.829542; -0.745316; 859.906512; 0.0016795049; 42.062259; 0.0090638209;
16; 233; 3.2258; -340.829489; -0.745533; 858.590769; 0.0016769351; 42.043558; 0.0090618058;
16; 234; 3.2358; -340.829435; -0.745654; 857.213337; 0.0016742448; 42.018585; 0.0090591142;
16; 235; 3.2459; -340.829403; -0.745449; 856.226966; 0.0016723183; 41.970438; 0.0090539224;
16; 236; 3.2559; -340.829351; -0.745665; 854.972808; 0.0016698688; 41.951684; 0.0090518994;
16; 237; 3.2659; -340.829299; -0.745782; 853.644313; 0.0016672740; 41.926717; 0.0090492054;
16; 238; 3.2759; -340.829268; -0.745576; 852.685497; 0.0016654014; 41.878802; 0.0090440331;
16; 239; 3.2860; -340.829219; -0.745787; 851.474339; 0.0016630358; 41.860400; 0.0090420459;
16; 240; 3.2960; -340.829168; -0.745906; 850.174170; 0.0016604964; 41.835816; 0.0090393904;
16; 241; 3.3060; -340.829139; -0.745700; 849.224503; 0.0016586416; 41.788805; 0.0090343101;
16; 242; 3.3160; -340.829091; -0.745909; 848.029360; 0.0016563073; 41.770732; 0.0090323563;
16; 243; 3.3261; -340.829042; -0.746026; 846.752464; 0.0016538134; 41.746541; 0.0090297405;
16; 244; 3.3361; -340.829014; -0.745819; 845.831732; 0.0016520151; 41.700421; 0.0090247512;
16; 245; 3.3461; -340.828968; -0.746027; 844.677691; 0.0016497611; 41.682587; 0.0090228212;
16; 246; 3.3561; -340.828921; -0.746143; 843.443142; 0.0016473499; 41.658699; 0.0090202354;
16; 247; 3.3662; -340.828895; -0.745936; 842.566758; 0.0016456382; 41.613118; 0.0090152993;
16; 248; 3.3762; -340.828850; -0.746142; 841.468180; 0.0016434925; 41.595329; 0.0090133721;
16; 249; 3.3862; -340.828804; -0.746256; 840.297795; 0.0016412066; 41.571521; 0.0090107922;
16; 250; 3.3962; -340.828780; -0.746046; 839.520064; 0.0016396876; 41.526135; 0.0090058722;
16; 251; 3.4063; -340.828736; -0.746255; 838.479650; 0.0016376556; 41.508411; 0.0090039500;
16; 252; 3.4163; -340.828692; -0.746365; 837.380920; 0.0016355096; 41.484687; 0.0090013765;
16; 253; 3.4263; -340.828669; -0.746157; 836.646335; 0.0016340749; 41.439909; 0.0089965172;
16; 254; 3.4363; -340.828627; -0.746363; 835.641590; 0.0016321125; 41.422320; 0.0089946077;
16; 255; 3.4464; -340.828598; -0.746225; 834.836462; 0.0016305400; 41.383016; 0.0089903395;
16; 256; 3.4564; -340.828557; -0.746426; 833.853694; 0.0016286205; 41.365686; 0.0089884568;
16; 257; 3.4664; -340.828529; -0.746293; 833.067387; 0.0016270847; 41.327668; 0.0089843253;
16; 258; 3.4764; -340.828489; -0.746495; 832.106816; 0.0016252086; 41.310813; 0.0089824930;
16; 259; 3.4865; -340.828461; -0.746363; 831.341627; 0.0016237141; 41.273964; 0.0089784861;
16; 260; 3.4965; -340.828422; -0.746562; 830.405417; 0.0016218856; 41.257870; 0.0089767353;
16; 261; 3.5065; -340.828395; -0.746428; 829.655740; 0.0016204214; 41.222412; 0.0089728771;
16; 262; 3.5165; -340.828357; -0.746628; 828.744806; 0.0016186422; 41.207228; 0.0089712244;
16; 263; 3.5266; -340.828331; -0.746494; 828.012349; 0.0016172116; 41.173298; 0.0089675302;
16; 264; 3.5366; -340.828294; -0.746693; 827.119164; 0.0016154671; 41.159077; 0.0089659814;
16; 265; 3.5466; -340.828269; -0.746558; 826.410977; 0.0016140839; 41.126515; 0.0089624340;
16; 266; 3.5566; -340.828233; -0.746756; 825.536556; 0.0016123761; 41.113194; 0.0089609825;
16; 267; 3.5667; -340.828209; -0.746622; 824.850450; 0.0016110360; 41.081715; 0.0089575513;
16; 268; 3.5767; -340.828173; -0.746818; 823.993320; 0.0016093620; 41.069063; 0.0089561718;
16; 269; 3.5867; -340.828150; -0.746683; 823.326559; 0.0016080597; 41.038236; 0.0089528099;
16; 270; 3.5967; -340.828115; -0.746879; 822.486330; 0.0016064186; 41.025873; 0.0089514612;
16; 271; 3.6068; -340.828093; -0.746742; 821.820521; 0.0016051182; 40.994942; 0.0089480862;
16; 272; 3.6168; -340.828059; -0.746937; 820.972247; 0.0016034614; 40.982451; 0.0089467229;
16; 273; 3.6268; -340.828037; -0.746800; 820.301278; 0.0016021509; 40.950671; 0.0089432533;
16; 274; 3.6368; -340.828004; -0.746995; 819.451227; 0.0016004907; 40.937698; 0.0089418366;
16; 275; 3.6469; -340.827983; -0.746857; 818.775330; 0.0015991706; 40.904627; 0.0089382241;
16; 276; 3.6569; -340.827950; -0.747051; 817.930098; 0.0015975197; 40.891142; 0.0089367506;
16; 277; 3.6669; -340.827930; -0.746911; 817.272049; 0.0015962345; 40.856958; 0.0089330143;
16; 278; 3.6769; -340.827898; -0.747105; 816.447688; 0.0015946244; 40.843202; 0.0089315105;
16; 279; 3.6870; -340.827878; -0.746966; 815.832178; 0.0015934222; 40.808472; 0.0089277123;
16; 280; 3.6970; -340.827847; -0.747158; 815.019653; 0.0015918353; 40.794565; 0.0089261909;
16; 281; 3.7070; -340.827828; -0.747018; 814.414792; 0.0015906539; 40.759556; 0.0089223600;
16; 282; 3.7170; -340.827797; -0.747210; 813.602340; 0.0015890671; 40.745539; 0.0089208257;
16; 283; 3.7271; -340.827779; -0.747069; 813.000789; 0.0015878922; 40.710347; 0.0089169724;
16; 284; 3.7371; -340.827749; -0.747260; 812.186371; 0.0015863015; 40.696173; 0.0089154199;
16; 285; 3.7471; -340.827732; -0.747119; 811.582134; 0.0015851214; 40.660836; 0.0089115484;
16; 286; 3.7571; -340.827702; -0.747310; 810.773959; 0.0015835429; 40.646374; 0.0089099635;
16; 287; 3.7672; -340.827685; -0.747168; 810.174329; 0.0015823717; 40.610711; 0.0089060539;
16; 288; 3.7772; -340.827656; -0.747358; 809.380682; 0.0015808216; 40.595858; 0.0089044251;
16; 289; 3.7872; -340.827640; -0.747216; 808.788387; 0.0015796648; 40.559749; 0.0089004641;
16; 290; 3.7972; -340.827611; -0.747405; 808.007110; 0.0015781389; 40.544406; 0.0088987804;
16; 291; 3.8073; -340.827596; -0.747263; 807.430237; 0.0015770122; 40.507655; 0.0088947464;
16; 292; 3.8173; -340.827568; -0.747452; 806.658260; 0.0015755044; 40.491751; 0.0088930001;
16; 293; 3.8273; -340.827553; -0.747311; 806.082230; 0.0015743794; 40.454281; 0.0088888845;
16; 294; 3.8373; -340.827526; -0.747498; 805.326616; 0.0015729035; 40.437751; 0.0088870683;
16; 295; 3.8474; -340.827511; -0.747354; 804.788358; 0.0015718523; 40.399490; 0.0088828629;
16; 296; 3.8574; -340.827484; -0.747542; 804.044035; 0.0015703985; 40.382309; 0.0088809739;
16; 297; 3.8674; -340.827470; -0.747401; 803.505963; 0.0015693476; 40.343313; 0.0088766848;
16; 298; 3.8774; -340.827444; -0.747586; 802.759539; 0.0015678897; 40.325609; 0.0088747370;
16; 299; 3.8875; -340.827431; -0.747443; 802.210330; 0.0015668171; 40.286060; 0.0088703840;
16; 300; 3.8975; -340.827405; -0.747628; 801.477203; 0.0015653852; 40.268053; 0.0088684013;
16; 301; 3.9075; -340.827392; -0.747486; 800.937209; 0.0015643305; 40.228444; 0.0088640386;
16; 302; 3.9175; -340.827367; -0.747670; 800.209885; 0.0015629099; 40.210375; 0.0088620477;
16; 303; 3.9276; -340.827354; -0.747525; 799.665924; 0.0015618475; 40.171054; 0.0088577136;
16; 304; 3.9376; -340.827330; -0.747711; 798.940573; 0.0015604308; 40.153266; 0.0088557523;
16; 305; 3.9476; -340.827318; -0.747569; 798.400912; 0.0015593768; 40.114656; 0.0088514936;
16; 306; 3.9576; -340.827294; -0.747752; 797.688376; 0.0015579851; 40.097389; 0.0088495883;
16; 307; 3.9677; -340.827282; -0.747609; 797.146966; 0.0015569277; 40.059700; 0.0088454283;
16; 308; 3.9777; -340.827258; -0.747792; 796.433906; 0.0015555350; 40.043104; 0.0088435959;
16; 309; 3.9877; -340.827247; -0.747648; 795.899874; 0.0015544919; 40.006419; 0.0088395439;
16; 310; 3.9977; -340.827224; -0.747830; 795.202586; 0.0015531301; 39.990525; 0.0088377879;
16; 311; 4.0078; -340.827213; -0.747686; 794.672565; 0.0015520949; 39.954839; 0.0088338437;
16; 312; 4.0178; -340.827190; -0.747868; 793.970399; 0.0015507234; 39.939556; 0.0088321541;
16; 313; 4.0278; -340.827180; -0.747723; 793.469008; 0.0015497442; 39.904664; 0.0088282953;
16; 314; 4.0378; -340.827157; -0.747904; 792.777027; 0.0015483926; 39.889824; 0.0088266536;
16; 315; 4.0479; -340.827147; -0.747757; 792.278276; 0.0015474185; 39.855401; 0.0088228442;
16; 316; 4.0579; -340.827125; -0.747940; 791.602321; 0.0015460983; 39.840759; 0.0088212234;
16; 317; 4.0679; -340.827115; -0.747795; 791.136755; 0.0015451890; 39.806328; 0.0088174109;
16; 318; 4.0779; -340.827093; -0.747975; 790.461618; 0.0015438703; 39.791574; 0.0088157767;
16; 319; 4.0880; -340.827084; -0.747827; 789.995516; 0.0015429600; 39.756578; 0.0088118992;
16; 320; 4.0980; -340.827062; -0.748009; 789.310517; 0.0015416221; 39.741480; 0.0088102258;
16; 321; 4.1080; -340.827053; -0.747863; 788.829927; 0.0015406835; 39.705627; 0.0088062508;
16; 322; 4.1180; -340.827032; -0.748043; 788.145889; 0.0015393474; 39.690246; 0.0088045450;
16; 323; 4.1281; -340.827023; -0.747896; 787.686022; 0.0015384493; 39.653852; 0.0088005073;
16; 324; 4.1381; -340.827002; -0.748076; 787.007687; 0.0015371244; 39.638531; 0.0087988071;
16; 325; 4.1481; -340.826994; -0.747929; 786.566031; 0.0015362618; 39.602289; 0.0087947837;
16; 326; 4.1581; -340.826973; -0.748109; 785.895228; 0.0015349516; 39.587359; 0.0087931257;
16; 327; 4.1682; -340.826965; -0.747961; 785.453556; 0.0015340890; 39.551876; 0.0087891842;
16; 328; 4.1782; -340.826945; -0.748141; 784.770362; 0.0015327546; 39.537523; 0.0087875893;
16; 329; 4.1882; -340.826937; -0.747992; 784.325586; 0.0015318859; 39.503143; 0.0087837678;
16; 330; 4.1982; -340.826917; -0.748171; 783.643416; 0.0015305535; 39.489421; 0.0087822420;
16; 331; 4.2083; -340.826910; -0.748023; 783.206479; 0.0015297002; 39.456293; 0.0087785576;
16; 332; 4.2183; -340.826890; -0.748202; 782.526190; 0.0015283715; 39.443190; 0.0087770998;
16; 333; 4.2283; -340.826883; -0.748054; 782.106411; 0.0015275516; 39.411200; 0.0087735398;
16; 334; 4.2383; -340.826864; -0.748232; 781.439252; 0.0015262485; 39.398643; 0.0087721420;
16; 335; 4.2484; -340.826857; -0.748083; 781.021322; 0.0015254323; 39.367660; 0.0087686921;
16; 336; 4.2584; -340.826838; -0.748261; 780.364570; 0.0015241496; 39.355518; 0.0087673397;
16; 337; 4.2684; -340.826831; -0.748113; 779.956505; 0.0015233525; 39.325307; 0.0087639740;
16; 338; 4.2784; -340.826813; -0.748290; 779.302939; 0.0015220761; 39.313409; 0.0087626481;
16; 339; 4.2885; -340.826807; -0.748141; 778.893299; 0.0015212760; 39.283670; 0.0087593332;
16; 340; 4.2985; -340.826788; -0.748319; 778.245737; 0.0015200112; 39.271832; 0.0087580133;
16; 341; 4.3085; -340.826782; -0.748167; 777.861545; 0.0015192608; 39.242184; 0.0087547067;
16; 342; 4.3185; -340.826764; -0.748348; 777.241876; 0.0015180505; 39.230208; 0.0087533708;
16; 343; 4.3286; -340.826759; -0.748197; 776.864533; 0.0015173135; 39.200312; 0.0087500348;
16; 344; 4.3386; -340.826741; -0.748375; 776.240089; 0.0015160939; 39.188032; 0.0087486641;
16; 345; 4.3486; -340.826736; -0.748225; 775.851204; 0.0015153344; 39.157663; 0.0087452736;
16; 346; 4.3586; -340.826718; -0.748401; 775.246272; 0.0015141529; 39.144987; 0.0087438581;
16; 347; 4.3687; -340.826713; -0.748249; 774.882366; 0.0015134421; 39.114040; 0.0087404010;
16; 348; 4.3787; -340.826695; -0.748427; 774.301256; 0.0015123071; 39.101046; 0.0087389491;
16; 349; 4.3887; -340.826691; -0.748274; 773.933353; 0.0015115886; 39.069634; 0.0087354381;
16; 350; 4.3987; -340.826673; -0.748454; 773.337185; 0.0015104242; 39.056490; 0.0087339685;
16; 351; 4.4088; -340.826669; -0.748299; 772.958566; 0.0015096847; 39.024733; 0.0087304171;
16; 352; 4.4188; -340.826652; -0.748478; 772.368997; 0.0015085332; 39.011590; 0.0087289468;
16; 353; 4.4288; -340.826647; -0.748327; 771.991714; 0.0015077963; 38.979775; 0.0087253867;
16; 354; 4.4388; -340.826630; -0.748502; 771.400143; 0.0015066409; 38.966719; 0.0087239253;
16; 355; 4.4489; -340.826626; -0.748351; 771.016074; 0.0015058908; 38.934828; 0.0087203547;
16; 356; 4.4589; -340.826609; -0.748526; 770.421379; 0.0015047293; 38.921904; 0.0087189072;
16; 357; 4.4689; -340.826605; -0.748375; 770.037372; 0.0015039792; 38.890008; 0.0087153340;
16; 358; 4.4789; -340.826588; -0.748550; 769.435911; 0.0015028045; 38.877197; 0.0087138984;
16; 359; 4.4890; -340.826585; -0.748396; 769.047758; 0.0015020464; 38.845299; 0.0087103229;
16; 360; 4.4990; -340.826568; -0.748573; 768.457250; 0.0015008931; 38.832494; 0.0087088871;
16; 361; 4.5090; -340.826564; -0.748418; 768.056568; 0.0015001105; 38.800479; 0.0087052964;
16; 362; 4.5190; -340.826548; -0.748596; 767.458330; 0.0014989421; 38.787569; 0.0087038480;
16; 363; 4.5291; -340.826545; -0.748441; 767.059293; 0.0014981627; 38.755244; 0.0087002204;
16; 364; 4.5391; -340.826529; -0.748618; 766.451956; 0.0014969765; 38.742019; 0.0086987359;
16; 365; 4.5491; -340.826525; -0.748466; 766.051374; 0.0014961941; 38.709045; 0.0086950333;
16; 366; 4.5591; -340.826509; -0.748640; 765.434782; 0.0014949898; 38.695266; 0.0086934855;
16; 367; 4.5692; -340.826506; -0.748485; 765.015771; 0.0014941714; 38.661212; 0.0086896593;
16; 368; 4.5792; -340.826491; -0.748662; 764.385846; 0.0014929411; 38.646622; 0.0086880196;
16; 369; 4.5892; -340.826488; -0.748509; 763.961621; 0.0014921125; 38.611075; 0.0086840230;
16; 370; 4.5992; -340.826472; -0.748683; 763.321953; 0.0014908632; 38.595588; 0.0086822812;
16; 371; 4.6093; -340.826469; -0.748530; 762.907707; 0.0014900541; 38.558555; 0.0086781149;
16; 372; 4.6193; -340.826454; -0.748704; 762.275561; 0.0014888195; 38.542404; 0.0086762971;
16; 373; 4.6293; -340.826451; -0.748551; 761.867575; 0.0014880226; 38.504439; 0.0086720229;
16; 374; 4.6393; -340.826436; -0.748724; 761.248267; 0.0014868130; 38.487999; 0.0086701715;
16; 375; 4.6494; -340.826434; -0.748571; 760.857079; 0.0014860490; 38.449824; 0.0086658705;
16; 376; 4.6594; -340.826419; -0.748744; 760.227342; 0.0014848190; 38.433378; 0.0086640170;
16; 377; 4.6694; -340.826417; -0.748589; 759.827043; 0.0014840372; 38.395508; 0.0086597475;
16; 378; 4.6794; -340.826402; -0.748764; 759.201699; 0.0014828158; 38.379240; 0.0086579128;
16; 379; 4.6895; -340.826400; -0.748608; 758.817546; 0.0014820655; 38.341992; 0.0086537103;
16; 380; 4.6995; -340.826385; -0.748784; 758.196175; 0.0014808519; 38.325986; 0.0086519039;
16; 381; 4.7095; -340.826383; -0.748630; 757.825067; 0.0014801271; 38.289530; 0.0086477881;
16; 382; 4.7195; -340.826369; -0.748803; 757.205769; 0.0014789175; 38.273821; 0.0086460139;
16; 383; 4.7296; -340.826367; -0.748649; 756.834753; 0.0014781929; 38.238157; 0.0086419848;
16; 384; 4.7396; -340.826353; -0.748822; 756.217818; 0.0014769879; 38.222744; 0.0086402428;
16; 385; 4.7496; -340.826351; -0.748666; 755.848949; 0.0014762675; 38.187894; 0.0086363031;
16; 386; 4.7596; -340.826337; -0.748842; 755.240319; 0.0014750787; 38.172767; 0.0086345924;
16; 387; 4.7697; -340.826336; -0.748684; 754.874132; 0.0014743635; 38.138630; 0.0086307307;
16; 388; 4.7797; -340.826322; -0.748859; 754.259262; 0.0014731626; 38.123744; 0.0086290461;
16; 389; 4.7897; -340.826320; -0.748702; 753.912749; 0.0014724858; 38.090247; 0.0086252545;
16; 390; 4.7997; -340.826306; -0.748876; 753.311282; 0.0014713111; 38.075555; 0.0086235909;
16; 391; 4.8098; -340.826305; -0.748719; 753.002910; 0.0014707088; 38.042560; 0.0086198536;
16; 392; 4.8198; -340.826291; -0.748894; 752.426102; 0.0014695822; 38.027999; 0.0086182037;
16; 393; 4.8298; -340.826290; -0.748739; 752.133536; 0.0014690108; 37.995374; 0.0086145061;
16; 394; 4.8398; -340.826277; -0.748912; 751.561935; 0.0014678944; 37.980942; 0.0086128698;
16; 395; 4.8499; -340.826276; -0.748754; 751.254604; 0.0014672941; 37.948610; 0.0086092031;
16; 396; 4.8599; -340.826262; -0.748928; 750.685069; 0.0014661818; 37.934376; 0.0086075884;
16; 397; 4.8699; -340.826261; -0.748773; 750.394401; 0.0014656141; 37.902393; 0.0086039590;
16; 398; 4.8799; -340.826248; -0.748945; 749.839571; 0.0014645304; 37.888522; 0.0086023846;
16; 399; 4.8900; -340.826247; -0.748789; 749.542256; 0.0014639497; 37.857054; 0.0085988115;
16; 400; 4.9000; -340.826234; -0.748961; 748.985069; 0.0014628615; 37.843756; 0.0085973011;
