23; 1; 0.9000; -340.398846; -0.592045; 881.321947; 0.0017213319; 48.113964; 0.0096939458;
23; 2; 0.9100; -340.432213; -0.591443; 881.784054; 0.0017222345; 48.120082; 0.0096945621;
23; 3; 0.9201; -340.463584; -0.590870; 881.870527; 0.0017224034; 48.095589; 0.0096920945;
23; 4; 0.9301; -340.493077; -0.589974; 882.193187; 0.0017230336; 48.085790; 0.0096911072;
23; 5; 0.9401; -340.520810; -0.589299; 882.444879; 0.0017235252; 48.070031; 0.0096895191;
23; 6; 0.9501; -340.546853; -0.588714; 882.514190; 0.0017236605; 48.048252; 0.0096873238;
23; 7; 0.9602; -340.571317; -0.587866; 882.877559; 0.0017243702; 48.041103; 0.0096866031;
23; 8; 0.9702; -340.594278; -0.587096; 883.055994; 0.0017247187; 48.025861; 0.0096850664;
23; 9; 0.9802; -340.615820; -0.586532; 882.908928; 0.0017244315; 47.989849; 0.0096814345;
23; 10; 0.9902; -340.636025; -0.585710; 883.203581; 0.0017250070; 47.983907; 0.0096808351;
23; 11; 1.0003; -340.654960; -0.585129; 883.186916; 0.0017249744; 47.959331; 0.0096783557;
23; 12; 1.0103; -340.672697; -0.584269; 883.451900; 0.0017254920; 47.951062; 0.0096775212;
23; 13; 1.0203; -340.689301; -0.583702; 883.186368; 0.0017249734; 47.911169; 0.0096734948;
23; 14; 1.0303; -340.704840; -0.582934; 883.405869; 0.0017254021; 47.902151; 0.0096725844;
23; 15; 1.0404; -340.719361; -0.582346; 883.331884; 0.0017252576; 47.875181; 0.0096698611;
23; 16; 1.0504; -340.732927; -0.581713; 883.274574; 0.0017251457; 47.851918; 0.0096675115;
23; 17; 1.0604; -340.745589; -0.581060; 883.274106; 0.0017251447; 47.831466; 0.0096654452;
23; 18; 1.0704; -340.757405; -0.580188; 883.471809; 0.0017255309; 47.817776; 0.0096640620;
23; 19; 1.0805; -340.768407; -0.579614; 883.326422; 0.0017252469; 47.788362; 0.0096610892;
23; 20; 1.0905; -340.778647; -0.579003; 883.253017; 0.0017251035; 47.767520; 0.0096589822;
23; 21; 1.1005; -340.788168; -0.578376; 883.164524; 0.0017249307; 47.743461; 0.0096565495;
23; 22; 1.1105; -340.797016; -0.577541; 883.353771; 0.0017253003; 47.728323; 0.0096550184;
23; 23; 1.1206; -340.805216; -0.576988; 883.226303; 0.0017250514; 47.702977; 0.0096524544;
23; 24; 1.1306; -340.812810; -0.576404; 883.075877; 0.0017247576; 47.677957; 0.0096499228;
23; 25; 1.1406; -340.819832; -0.575226; 1121.724264; 0.0021908677; 47.660887; 0.0096481951;
23; 26; 1.1506; -340.826316; -0.575195; 883.136333; 0.0017248756; 47.633514; 0.0096454241;
23; 27; 1.1607; -340.832297; -0.574411; 883.124246; 0.0017248520; 47.617347; 0.0096437872;
23; 28; 1.1707; -340.837791; -0.573889; 882.930561; 0.0017244738; 47.590725; 0.0096410909;
23; 29; 1.1807; -340.842833; -0.573339; 882.821331; 0.0017242604; 47.566789; 0.0096386661;
23; 30; 1.1907; -340.847450; -0.572778; 882.745789; 0.0017241129; 47.543864; 0.0096363432;
23; 31; 1.2008; -340.851665; -0.572212; 882.661098; 0.0017239475; 47.520843; 0.0096340099;
23; 32; 1.2108; -340.855503; -0.571653; 882.598569; 0.0017238253; 47.497786; 0.0096316724;
23; 33; 1.2208; -340.858986; -0.571092; 882.492866; 0.0017236189; 47.474522; 0.0096293133;
23; 34; 1.2308; -340.862135; -0.570549; 882.423277; 0.0017234830; 47.451045; 0.0096269322;
23; 35; 1.2409; -340.864969; -0.570013; 882.345321; 0.0017233307; 47.427377; 0.0096245310;
23; 36; 1.2509; -340.867508; -0.569513; 882.300731; 0.0017232436; 47.403541; 0.0096221120;
23; 37; 1.2609; -340.869771; -0.568969; 882.119052; 0.0017228888; 47.379473; 0.0096196690;
23; 38; 1.2709; -340.871774; -0.568462; 882.014469; 0.0017226845; 47.355263; 0.0096172110;
23; 39; 1.2810; -340.873534; -0.567969; 881.880273; 0.0017224224; 47.330912; 0.0096147380;
23; 40; 1.2910; -340.875066; -0.567484; 881.795469; 0.0017222568; 47.306425; 0.0096122506;
23; 41; 1.3010; -340.876385; -0.567014; 881.701081; 0.0017220724; 47.281848; 0.0096097534;
23; 42; 1.3110; -340.877506; -0.566552; 881.604690; 0.0017218842; 47.257213; 0.0096072496;
23; 43; 1.3211; -340.878441; -0.566106; 881.495711; 0.0017216713; 47.232492; 0.0096047364;
23; 44; 1.3311; -340.879204; -0.565672; 881.395626; 0.0017214758; 47.207795; 0.0096022250;
23; 45; 1.3411; -340.879807; -0.565250; 881.279367; 0.0017212488; 47.183148; 0.0095997180;
23; 46; 1.3511; -340.880261; -0.564839; 881.185414; 0.0017210653; 47.158570; 0.0095972174;
23; 47; 1.3612; -340.880576; -0.564445; 881.082088; 0.0017208635; 47.134028; 0.0095947198;
23; 48; 1.3712; -340.880765; -0.564063; 881.000832; 0.0017207047; 47.109584; 0.0095922315;
23; 49; 1.3812; -340.880835; -0.563693; 880.935474; 0.0017205771; 47.085255; 0.0095897543;
23; 50; 1.3912; -340.880797; -0.563339; 880.865226; 0.0017204399; 47.061000; 0.0095872841;
23; 51; 1.4013; -340.880660; -0.563001; 880.802852; 0.0017203181; 47.036901; 0.0095848290;
23; 52; 1.4113; -340.880431; -0.562675; 880.738728; 0.0017201928; 47.012887; 0.0095823820;
23; 53; 1.4213; -340.880119; -0.562365; 880.682425; 0.0017200829; 46.988949; 0.0095799421;
23; 54; 1.4313; -340.879731; -0.562066; 880.624760; 0.0017199702; 46.965017; 0.0095775023;
23; 55; 1.4414; -340.879275; -0.561786; 880.582658; 0.0017198880; 46.941087; 0.0095750619;
23; 56; 1.4514; -340.878757; -0.561521; 880.546251; 0.0017198169; 46.917052; 0.0095726102;
23; 57; 1.4614; -340.878183; -0.561272; 880.520532; 0.0017197667; 46.892838; 0.0095701397;
23; 58; 1.4714; -340.877560; -0.561039; 880.514994; 0.0017197558; 46.868420; 0.0095676477;
23; 59; 1.4815; -340.876893; -0.560822; 880.507622; 0.0017197415; 46.843738; 0.0095651281;
23; 60; 1.4915; -340.876188; -0.560621; 880.524216; 0.0017197739; 46.818774; 0.0095625791;
23; 61; 1.5015; -340.875449; -0.560438; 880.529242; 0.0017197837; 46.793553; 0.0095600030;
23; 62; 1.5115; -340.874681; -0.560271; 880.540498; 0.0017198057; 46.768047; 0.0095573973;
23; 63; 1.5216; -340.873889; -0.560122; 880.538635; 0.0017198020; 46.742304; 0.0095547665;
23; 64; 1.5316; -340.873077; -0.559989; 880.527895; 0.0017197810; 46.716403; 0.0095521188;
23; 65; 1.5416; -340.872248; -0.559871; 880.538792; 0.0017198023; 46.690405; 0.0095494606;
23; 66; 1.5516; -340.871406; -0.559773; 880.550010; 0.0017198242; 46.664327; 0.0095467934;
23; 67; 1.5617; -340.870555; -0.559691; 880.547314; 0.0017198190; 46.638258; 0.0095441263;
23; 68; 1.5717; -340.869696; -0.559628; 880.568941; 0.0017198612; 46.612159; 0.0095414555;
23; 69; 1.5817; -340.868834; -0.559581; 880.565341; 0.0017198542; 46.586062; 0.0095387842;
23; 70; 1.5917; -340.867970; -0.559553; 880.575987; 0.0017198750; 46.560028; 0.0095361185;
23; 71; 1.6018; -340.867108; -0.559541; 880.575558; 0.0017198741; 46.534095; 0.0095334623;
23; 72; 1.6118; -340.866249; -0.559547; 880.585790; 0.0017198941; 46.508274; 0.0095308170;
23; 73; 1.6218; -340.865395; -0.559527; 880.441131; 0.0017196116; 46.482550; 0.0095281808;
23; 74; 1.6318; -340.864547; -0.559611; 880.605760; 0.0017199331; 46.456958; 0.0095255575;
23; 75; 1.6419; -340.863709; -0.559668; 880.619746; 0.0017199604; 46.431476; 0.0095229448;
23; 76; 1.6519; -340.862880; -0.559743; 880.646334; 0.0017200124; 46.406115; 0.0095203437;
23; 77; 1.6619; -340.862063; -0.559833; 880.677566; 0.0017200734; 46.380849; 0.0095177516;
23; 78; 1.6719; -340.861258; -0.559941; 880.723900; 0.0017201639; 46.355672; 0.0095151679;
23; 79; 1.6820; -340.860466; -0.560064; 880.766677; 0.0017202474; 46.330507; 0.0095125849;
23; 80; 1.6920; -340.859688; -0.560202; 880.812404; 0.0017203367; 46.305401; 0.0095100072;
23; 81; 1.7020; -340.858925; -0.560355; 880.867118; 0.0017204436; 46.280219; 0.0095074209;
23; 82; 1.7120; -340.858178; -0.560526; 880.936248; 0.0017205786; 46.254883; 0.0095048181;
23; 83; 1.7221; -340.857446; -0.560706; 881.007621; 0.0017207180; 46.229278; 0.0095021871;
23; 84; 1.7321; -340.856730; -0.560902; 881.094484; 0.0017208877; 46.203341; 0.0094995211;
23; 85; 1.7421; -340.856032; -0.561114; 881.220974; 0.0017211347; 46.176975; 0.0094968102;
23; 86; 1.7521; -340.855349; -0.561334; 881.351983; 0.0017213906; 46.150159; 0.0094940523;
23; 87; 1.7622; -340.854684; -0.561569; 881.500936; 0.0017216815; 46.122808; 0.0094912386;
23; 88; 1.7722; -340.854035; -0.561815; 881.660691; 0.0017219935; 46.095069; 0.0094883841;
23; 89; 1.7822; -340.853404; -0.562073; 881.807782; 0.0017222808; 46.066978; 0.0094854925;
23; 90; 1.7922; -340.852789; -0.562341; 881.980339; 0.0017226178; 46.038647; 0.0094825752;
23; 91; 1.8023; -340.852192; -0.562619; 882.172245; 0.0017229927; 46.010155; 0.0094796405;
23; 92; 1.8123; -340.851610; -0.562907; 882.370528; 0.0017233799; 45.981600; 0.0094766984;
23; 93; 1.8223; -340.851046; -0.563204; 882.579689; 0.0017237885; 45.953027; 0.0094737535;
23; 94; 1.8323; -340.850497; -0.563509; 882.786835; 0.0017241930; 45.924519; 0.0094708144;
23; 95; 1.8424; -340.849965; -0.563822; 882.995259; 0.0017246001; 45.896089; 0.0094678825;
23; 96; 1.8524; -340.849448; -0.564142; 883.221133; 0.0017250413; 45.867783; 0.0094649625;
23; 97; 1.8624; -340.848947; -0.564469; 883.461631; 0.0017255110; 45.839653; 0.0094620596;
23; 98; 1.8724; -340.848461; -0.564801; 883.707199; 0.0017259906; 45.811700; 0.0094591742;
23; 99; 1.8825; -340.847989; -0.565139; 883.964757; 0.0017264937; 45.783973; 0.0094563112;
23; 100; 1.8925; -340.847532; -0.565482; 884.236897; 0.0017270252; 45.756458; 0.0094534694;
23; 101; 1.9025; -340.847089; -0.565830; 884.514104; 0.0017275666; 45.729175; 0.0094506505;
23; 102; 1.9125; -340.846659; -0.566181; 884.809258; 0.0017281431; 45.702086; 0.0094478509;
23; 103; 1.9226; -340.846243; -0.566536; 885.114571; 0.0017287394; 45.675200; 0.0094450715;
23; 104; 1.9326; -340.845840; -0.566893; 885.431177; 0.0017293578; 45.648497; 0.0094423101;
23; 105; 1.9426; -340.845450; -0.567253; 885.742507; 0.0017299658; 45.621933; 0.0094395624;
23; 106; 1.9526; -340.845071; -0.567616; 886.094682; 0.0017306537; 45.595509; 0.0094368283;
23; 107; 1.9627; -340.844705; -0.567979; 886.440876; 0.0017313298; 45.569154; 0.0094341006;
23; 108; 1.9727; -340.844350; -0.568344; 886.787987; 0.0017320078; 45.542807; 0.0094313729;
23; 109; 1.9827; -340.844006; -0.568709; 887.142775; 0.0017327007; 45.516375; 0.0094286357;
23; 110; 1.9927; -340.843673; -0.569075; 887.506244; 0.0017334106; 45.489772; 0.0094258799;
23; 111; 2.0028; -340.843350; -0.569441; 887.880449; 0.0017341415; 45.462879; 0.0094230933;
23; 112; 2.0128; -340.843037; -0.569806; 888.286470; 0.0017349345; 45.435627; 0.0094202685;
23; 113; 2.0228; -340.842735; -0.570170; 888.705462; 0.0017357529; 45.407866; 0.0094173902;
23; 114; 2.0328; -340.842441; -0.570533; 889.143713; 0.0017366088; 45.379534; 0.0094144518;
23; 115; 2.0429; -340.842156; -0.570895; 889.590224; 0.0017374809; 45.350662; 0.0094114564;
23; 116; 2.0529; -340.841880; -0.571255; 890.048169; 0.0017383753; 45.321314; 0.0094084107;
23; 117; 2.0629; -340.841613; -0.571613; 890.516849; 0.0017392907; 45.291622; 0.0094053282;
23; 118; 2.0729; -340.841353; -0.571968; 891.009269; 0.0017402525; 45.261716; 0.0094022226;
23; 119; 2.0830; -340.841102; -0.572321; 891.520375; 0.0017412507; 45.231719; 0.0093991064;
23; 120; 2.0930; -340.840857; -0.572671; 892.039365; 0.0017422644; 45.201799; 0.0093959972;
23; 121; 2.1030; -340.840620; -0.573018; 892.571746; 0.0017433042; 45.171966; 0.0093928961;
23; 122; 2.1130; -340.840390; -0.573361; 893.127292; 0.0017443892; 45.142389; 0.0093898204;
23; 123; 2.1231; -340.840167; -0.573701; 893.685841; 0.0017454802; 45.113072; 0.0093867709;
23; 124; 2.1331; -340.839949; -0.574036; 894.257604; 0.0017465969; 45.084027; 0.0093837488;
23; 125; 2.1431; -340.839738; -0.574372; 894.841363; 0.0017477370; 45.055017; 0.0093807292;
23; 126; 2.1531; -340.839533; -0.574701; 895.429578; 0.0017488859; 45.026509; 0.0093777609;
23; 127; 2.1632; -340.839334; -0.575024; 896.035312; 0.0017500690; 44.998276; 0.0093748204;
23; 128; 2.1732; -340.839139; -0.575349; 896.687468; 0.0017513427; 44.970373; 0.0093719133;
23; 129; 2.1832; -340.838950; -0.575659; 897.302641; 0.0017525442; 44.942517; 0.0093690103;
23; 130; 2.1932; -340.838766; -0.575967; 897.959452; 0.0017538271; 44.915026; 0.0093661443;
23; 131; 2.2033; -340.838587; -0.576270; 898.616166; 0.0017551097; 44.887739; 0.0093632988;
23; 132; 2.2133; -340.838412; -0.576567; 899.291973; 0.0017564296; 44.860637; 0.0093604717;
23; 133; 2.2233; -340.838242; -0.576859; 899.983001; 0.0017577793; 44.833619; 0.0093576526;
23; 134; 2.2333; -340.838075; -0.577145; 900.698001; 0.0017591758; 44.806765; 0.0093548497;
23; 135; 2.2434; -340.837913; -0.577425; 901.415936; 0.0017605780; 44.779976; 0.0093520527;
23; 136; 2.2534; -340.837754; -0.577699; 902.146248; 0.0017620044; 44.753213; 0.0093492577;
23; 137; 2.2634; -340.837600; -0.577967; 902.867065; 0.0017634122; 44.726433; 0.0093464599;
23; 138; 2.2734; -340.837448; -0.578228; 903.604924; 0.0017648534; 44.699544; 0.0093436500;
23; 139; 2.2835; -340.837300; -0.578483; 904.358506; 0.0017663252; 44.672491; 0.0093408222;
23; 140; 2.2935; -340.837155; -0.578731; 905.131379; 0.0017678347; 44.645157; 0.0093379640;
23; 141; 2.3035; -340.837013; -0.578972; 905.923009; 0.0017693809; 44.617418; 0.0093350626;
23; 142; 2.3135; -340.836874; -0.579206; 906.709577; 0.0017709171; 44.589172; 0.0093321073;
23; 143; 2.3236; -340.836738; -0.579433; 907.497950; 0.0017724569; 44.560306; 0.0093290861;
23; 144; 2.3336; -340.836604; -0.579652; 908.281384; 0.0017739871; 44.530772; 0.0093259940;
23; 145; 2.3436; -340.836473; -0.579864; 909.067610; 0.0017755227; 44.500559; 0.0093228298;
23; 146; 2.3536; -340.836344; -0.580067; 909.827704; 0.0017770072; 44.469711; 0.0093195978;
23; 147; 2.3637; -340.836220; -0.580254; 910.922157; 0.0017791448; 44.445745; 0.0093170862;
23; 148; 2.3737; -340.836093; -0.580416; 911.858367; 0.0017809734; 44.417489; 0.0093141241;
23; 149; 2.3837; -340.835968; -0.580578; 912.739178; 0.0017826937; 44.387420; 0.0093109709;
23; 150; 2.3937; -340.835845; -0.580733; 913.560702; 0.0017842982; 44.356489; 0.0093077262;
23; 151; 2.4038; -340.835724; -0.580881; 914.337343; 0.0017858151; 44.325221; 0.0093044451;
23; 152; 2.4138; -340.835606; -0.581023; 915.066846; 0.0017872399; 44.293875; 0.0093011544;
23; 153; 2.4238; -340.835490; -0.581156; 915.750986; 0.0017885761; 44.262611; 0.0092978714;
23; 154; 2.4338; -340.835375; -0.581288; 916.371572; 0.0017897882; 44.234132; 0.0092948798;
23; 155; 2.4439; -340.835262; -0.581404; 916.907482; 0.0017908349; 44.205205; 0.0092918400;
23; 156; 2.4539; -340.835151; -0.581511; 917.358744; 0.0017917163; 44.176161; 0.0092887870;
23; 157; 2.4639; -340.835062; -0.581647; 917.427847; 0.0017918513; 44.125510; 0.0092834603;
23; 158; 2.4739; -340.834952; -0.581742; 917.780215; 0.0017925395; 44.106352; 0.0092814449;
23; 159; 2.4840; -340.834841; -0.581802; 917.937137; 0.0017928460; 44.082180; 0.0092789012;
23; 160; 2.4940; -340.834733; -0.581849; 917.948110; 0.0017928674; 44.056296; 0.0092761766;
23; 161; 2.5040; -340.834627; -0.581886; 917.781625; 0.0017925422; 44.029709; 0.0092733773;
23; 162; 2.5140; -340.834539; -0.581926; 917.460001; 0.0017919141; 43.983462; 0.0092685058;
23; 163; 2.5241; -340.834435; -0.581966; 916.870032; 0.0017907618; 43.966125; 0.0092666790;
23; 164; 2.5341; -340.834331; -0.581962; 916.060579; 0.0017891808; 43.943153; 0.0092642577;
23; 165; 2.5441; -340.834229; -0.581943; 915.002045; 0.0017871134; 43.918594; 0.0092616686;
23; 166; 2.5541; -340.834145; -0.581935; 913.952771; 0.0017850640; 43.874371; 0.0092570044;
23; 167; 2.5642; -340.834046; -0.581908; 912.200551; 0.0017816417; 43.858847; 0.0092553665;
23; 168; 2.5742; -340.833946; -0.581843; 910.201877; 0.0017777380; 43.837702; 0.0092531352;
23; 169; 2.5842; -340.833848; -0.581761; 907.907506; 0.0017732568; 43.815038; 0.0092507430;
23; 170; 2.5942; -340.833769; -0.581705; 905.857447; 0.0017692528; 43.772804; 0.0092462834;
23; 171; 2.6043; -340.833673; -0.581609; 902.704517; 0.0017630948; 43.759486; 0.0092448767;
23; 172; 2.6143; -340.833577; -0.581296; 769.326376; 0.0015025906; 43.739951; 0.0092428130;
23; 173; 2.6243; -340.833483; -0.581333; 895.758515; 0.0017495283; 43.719823; 0.0092406861;
23; 174; 2.6343; -340.833408; -0.581224; 892.609531; 0.0017433780; 43.679977; 0.0092364742;
23; 175; 2.6444; -340.833316; -0.581059; 887.922970; 0.0017342246; 43.668350; 0.0092352447;
23; 176; 2.6544; -340.833223; -0.580864; 883.172738; 0.0017249468; 43.650734; 0.0092333818;
23; 177; 2.6644; -340.833133; -0.580658; 878.200644; 0.0017152356; 43.631262; 0.0092313221;
23; 178; 2.6744; -340.833062; -0.580499; 873.998305; 0.0017070279; 43.592790; 0.0092272514;
23; 179; 2.6845; -340.832973; -0.580269; 868.035679; 0.0016953822; 43.581515; 0.0092260580;
23; 180; 2.6945; -340.832884; -0.580016; 862.198932; 0.0016839823; 43.564060; 0.0092242102;
23; 181; 2.7045; -340.832812; -0.579809; 857.211764; 0.0016742417; 43.528076; 0.0092203999;
23; 182; 2.7145; -340.832725; -0.579536; 850.607876; 0.0016613435; 43.516347; 0.0092191575;
23; 183; 2.7246; -340.832638; -0.579245; 844.258296; 0.0016489420; 43.498576; 0.0092172749;
23; 184; 2.7346; -340.832568; -0.579005; 838.854867; 0.0016383884; 43.462277; 0.0092134282;
23; 185; 2.7446; -340.832484; -0.578697; 831.994443; 0.0016249891; 43.450004; 0.0092121273;
23; 186; 2.7546; -340.832399; -0.578375; 825.515030; 0.0016123340; 43.431602; 0.0092101764;
23; 187; 2.7647; -340.832331; -0.578108; 820.012313; 0.0016015865; 43.393982; 0.0092061866;
23; 188; 2.7747; -340.832249; -0.577772; 813.211487; 0.0015883037; 43.380812; 0.0092047894;
23; 189; 2.7847; -340.832166; -0.577427; 806.790920; 0.0015757635; 43.361310; 0.0092027202;
23; 190; 2.7947; -340.832102; -0.577137; 801.298666; 0.0015650365; 43.321490; 0.0091984936;
23; 191; 2.8048; -340.832022; -0.576780; 794.685045; 0.0015521192; 43.306951; 0.0091969500;
23; 192; 2.8148; -340.831941; -0.576417; 788.476850; 0.0015399938; 43.285823; 0.0091947063;
23; 193; 2.8248; -340.831879; -0.576110; 783.112205; 0.0015295160; 43.243173; 0.0091901753;
23; 194; 2.8348; -340.831801; -0.575737; 776.851759; 0.0015172886; 43.226904; 0.0091884464;
23; 195; 2.8449; -340.831722; -0.575361; 770.994848; 0.0015058493; 43.203762; 0.0091859865;
23; 196; 2.8549; -340.831662; -0.575040; 765.849613; 0.0014958000; 43.157796; 0.0091810985;
23; 197; 2.8649; -340.831586; -0.574658; 759.990486; 0.0014843564; 43.139534; 0.0091791559;
23; 198; 2.8749; -340.831510; -0.574273; 754.514717; 0.0014736616; 43.114190; 0.0091764592;
23; 199; 2.8850; -340.831452; -0.573942; 749.697373; 0.0014642527; 43.064703; 0.0091711912;
23; 200; 2.8950; -340.831379; -0.573555; 744.314323; 0.0014537389; 43.044436; 0.0091690329;
23; 201; 2.9050; -340.831304; -0.573166; 739.303092; 0.0014439514; 43.016856; 0.0091660949;
23; 202; 2.9150; -340.831249; -0.572826; 734.846363; 0.0014352468; 42.963937; 0.0091604552;
23; 203; 2.9251; -340.831177; -0.572437; 729.953239; 0.0014256899; 42.941734; 0.0091580879;
23; 204; 2.9351; -340.831105; -0.572047; 725.382401; 0.0014167625; 42.912108; 0.0091549282;
23; 205; 2.9451; -340.831052; -0.571703; 721.242973; 0.0014086777; 42.856139; 0.0091489561;
23; 206; 2.9551; -340.830982; -0.571314; 716.807158; 0.0014000140; 42.832279; 0.0091464089;
23; 207; 2.9652; -340.830912; -0.570926; 712.645105; 0.0013918850; 42.800921; 0.0091430602;
23; 208; 2.9752; -340.830861; -0.570578; 708.824152; 0.0013844222; 42.742468; 0.0091368147;
23; 209; 2.9852; -340.830793; -0.570192; 704.771413; 0.0013765067; 42.717336; 0.0091341281;
23; 210; 2.9952; -340.830725; -0.569806; 700.957178; 0.0013690570; 42.684702; 0.0091306384;
23; 211; 3.0053; -340.830676; -0.569458; 697.426180; 0.0013621605; 42.624494; 0.0091241966;
23; 212; 3.0153; -340.830610; -0.569076; 693.784323; 0.0013550475; 42.598583; 0.0091214229;
23; 213; 3.0253; -340.830543; -0.568694; 690.352844; 0.0013483454; 42.565200; 0.0091178482;
23; 214; 3.0353; -340.830497; -0.568345; 687.146483; 0.0013420830; 42.504285; 0.0091113216;
23; 215; 3.0454; -340.830433; -0.567969; 683.834220; 0.0013356137; 42.478012; 0.0091085052;
23; 216; 3.0554; -340.830368; -0.567593; 680.695739; 0.0013294839; 42.444503; 0.0091049119;
23; 217; 3.0654; -340.830323; -0.567244; 677.729583; 0.0013236906; 42.383994; 0.0090984195;
23; 218; 3.0754; -340.830261; -0.566874; 674.717454; 0.0013178075; 42.358043; 0.0090956337;
23; 219; 3.0855; -340.830198; -0.566503; 671.872351; 0.0013122507; 42.325223; 0.0090921093;
23; 220; 3.0955; -340.830156; -0.566155; 669.170116; 0.0013069729; 42.266557; 0.0090858060;
23; 221; 3.1055; -340.830096; -0.565792; 666.431630; 0.0013016243; 42.241781; 0.0090831425;
23; 222; 3.1155; -340.830034; -0.565428; 663.823404; 0.0012965301; 42.210690; 0.0090797992;
23; 223; 3.1256; -340.829994; -0.565081; 661.297543; 0.0012915968; 42.155617; 0.0090738740;
23; 224; 3.1356; -340.829936; -0.564725; 658.781382; 0.0012866824; 42.133029; 0.0090714427;
23; 225; 3.1456; -340.829876; -0.564367; 656.390264; 0.0012820122; 42.104734; 0.0090683962;
23; 226; 3.1556; -340.829838; -0.564022; 654.103746; 0.0012775464; 42.054960; 0.0090630345;
23; 227; 3.1657; -340.829781; -0.563673; 651.834042; 0.0012731134; 42.035333; 0.0090609193;
23; 228; 3.1757; -340.829724; -0.563321; 649.657390; 0.0012688621; 42.010661; 0.0090582598;
23; 229; 3.1857; -340.829687; -0.562978; 647.517391; 0.0012646824; 41.967302; 0.0090535842;
23; 230; 3.1957; -340.829633; -0.562637; 645.408106; 0.0012605627; 41.950972; 0.0090518226;
23; 231; 3.2058; -340.829577; -0.562292; 643.383001; 0.0012566074; 41.930166; 0.0090495776;
23; 232; 3.2158; -340.829542; -0.561951; 641.366401; 0.0012526688; 41.893589; 0.0090456297;
23; 233; 3.2258; -340.829489; -0.561618; 639.430422; 0.0012488875; 41.880327; 0.0090441978;
23; 234; 3.2358; -340.829435; -0.561279; 637.565398; 0.0012452449; 41.863072; 0.0090423345;
23; 235; 3.2459; -340.829403; -0.560942; 635.751215; 0.0012417016; 41.832552; 0.0090390378;
23; 236; 3.2559; -340.829351; -0.560615; 633.998389; 0.0012382781; 41.821695; 0.0090378647;
23; 237; 3.2659; -340.829299; -0.560284; 632.305407; 0.0012349715; 41.807200; 0.0090362983;
23; 238; 3.2759; -340.829268; -0.559950; 630.616393; 0.0012316726; 41.781256; 0.0090334941;
23; 239; 3.2860; -340.829219; -0.559632; 629.000200; 0.0012285160; 41.771919; 0.0090324846;
23; 240; 3.2960; -340.829168; -0.559308; 627.432825; 0.0012254547; 41.759184; 0.0090311077;
23; 241; 3.3060; -340.829139; -0.558977; 625.858121; 0.0012223791; 41.736020; 0.0090286025;
23; 242; 3.3160; -340.829091; -0.558666; 624.353410; 0.0012194403; 41.727342; 0.0090276638;
23; 243; 3.3261; -340.829042; -0.558349; 622.886242; 0.0012165747; 41.715381; 0.0090263699;
23; 244; 3.3361; -340.829014; -0.558023; 621.400498; 0.0012136728; 41.693279; 0.0090239783;
23; 245; 3.3461; -340.828968; -0.557719; 620.000696; 0.0012109389; 41.684712; 0.0090230513;
23; 246; 3.3561; -340.828921; -0.557409; 618.620337; 0.0012082428; 41.672829; 0.0090217650;
23; 247; 3.3662; -340.828895; -0.557086; 617.193045; 0.0012054552; 41.650346; 0.0090193311;
23; 248; 3.3762; -340.828850; -0.556790; 615.892969; 0.0012029160; 41.641505; 0.0090183738;
23; 249; 3.3862; -340.828804; -0.556486; 614.604743; 0.0012003999; 41.629125; 0.0090170331;
23; 250; 3.3962; -340.828780; -0.556166; 613.250505; 0.0011977549; 41.605202; 0.0090144417;
23; 251; 3.4063; -340.828736; -0.555877; 612.022812; 0.0011953571; 41.595845; 0.0090134280;
23; 252; 3.4163; -340.828692; -0.555580; 610.802750; 0.0011929741; 41.582605; 0.0090119934;
23; 253; 3.4263; -340.828669; -0.555264; 609.514806; 0.0011904586; 41.556603; 0.0090091753;
23; 254; 3.4363; -340.828627; -0.554981; 608.356414; 0.0011881961; 41.546357; 0.0090080646;
23; 255; 3.4464; -340.828598; -0.554673; 607.130493; 0.0011858017; 41.521300; 0.0090053478;
23; 256; 3.4564; -340.828557; -0.554393; 606.021816; 0.0011836364; 41.510285; 0.0090041533;
23; 257; 3.4664; -340.828529; -0.554087; 604.835874; 0.0011813201; 41.483715; 0.0090012711;
23; 258; 3.4764; -340.828489; -0.553811; 603.764156; 0.0011792269; 41.471810; 0.0089999794;
23; 259; 3.4865; -340.828461; -0.553508; 602.591693; 0.0011769369; 41.443226; 0.0089968773;
23; 260; 3.4965; -340.828422; -0.553236; 601.552040; 0.0011749063; 41.430358; 0.0089954804;
23; 261; 3.5065; -340.828395; -0.552935; 600.400829; 0.0011726579; 41.399633; 0.0089921443;
23; 262; 3.5165; -340.828357; -0.552668; 599.390853; 0.0011706853; 41.385722; 0.0089906334;
23; 263; 3.5266; -340.828331; -0.552369; 598.277485; 0.0011685107; 41.352786; 0.0089870551;
23; 264; 3.5366; -340.828294; -0.552105; 597.309740; 0.0011666206; 41.337785; 0.0089854249;
23; 265; 3.5466; -340.828269; -0.551809; 596.219739; 0.0011644917; 41.302545; 0.0089815941;
23; 266; 3.5566; -340.828233; -0.551550; 595.280553; 0.0011626573; 41.286452; 0.0089798442;
23; 267; 3.5667; -340.828209; -0.551256; 594.231898; 0.0011606092; 41.248908; 0.0089757603;
23; 268; 3.5767; -340.828173; -0.551000; 593.331963; 0.0011588515; 41.231724; 0.0089738906;
23; 269; 3.5867; -340.828150; -0.550710; 592.295522; 0.0011568272; 41.192000; 0.0089695666;
23; 270; 3.5967; -340.828115; -0.550458; 591.441963; 0.0011551601; 41.173758; 0.0089675803;
23; 271; 3.6068; -340.828093; -0.550170; 590.476431; 0.0011532743; 41.131876; 0.0089630182;
23; 272; 3.6168; -340.828059; -0.549922; 589.669962; 0.0011516991; 41.112635; 0.0089609215;
23; 273; 3.6268; -340.828037; -0.549636; 588.737721; 0.0011498784; 41.068771; 0.0089561399;
23; 274; 3.6368; -340.828004; -0.549392; 587.961403; 0.0011483621; 41.048622; 0.0089539427;
23; 275; 3.6469; -340.827983; -0.549110; 587.052668; 0.0011465872; 41.002959; 0.0089489611;
23; 276; 3.6569; -340.827950; -0.548869; 586.293926; 0.0011451053; 40.981997; 0.0089466733;
23; 277; 3.6669; -340.827930; -0.548589; 585.391259; 0.0011433423; 40.934676; 0.0089415065;
23; 278; 3.6769; -340.827898; -0.548352; 584.663254; 0.0011419204; 40.913015; 0.0089391405;
23; 279; 3.6870; -340.827878; -0.548076; 583.799100; 0.0011402326; 40.864335; 0.0089338208;
23; 280; 3.6970; -340.827847; -0.547842; 583.091621; 0.0011388508; 40.842052; 0.0089313847;
23; 281; 3.7070; -340.827828; -0.547568; 582.234104; 0.0011371760; 40.792118; 0.0089259233;
23; 282; 3.7170; -340.827797; -0.547337; 581.547190; 0.0011358344; 40.769308; 0.0089234273;
23; 283; 3.7271; -340.827779; -0.547065; 580.715090; 0.0011342092; 40.718282; 0.0089178414;
23; 284; 3.7371; -340.827749; -0.546838; 580.046719; 0.0011329037; 40.695017; 0.0089152933;
23; 285; 3.7471; -340.827732; -0.546569; 579.218253; 0.0011312856; 40.643219; 0.0089096177;
23; 286; 3.7571; -340.827702; -0.546345; 578.571125; 0.0011300217; 40.619546; 0.0089070225;
23; 287; 3.7672; -340.827685; -0.546078; 577.765967; 0.0011284492; 40.567157; 0.0089012768;
23; 288; 3.7772; -340.827656; -0.545856; 577.141512; 0.0011272295; 40.543236; 0.0088986521;
23; 289; 3.7872; -340.827640; -0.545592; 576.377367; 0.0011257370; 40.490696; 0.0088928843;
23; 290; 3.7972; -340.827611; -0.545373; 575.775425; 0.0011245614; 40.466729; 0.0088902519;
23; 291; 3.8073; -340.827596; -0.545111; 575.028813; 0.0011231031; 40.414562; 0.0088845198;
23; 292; 3.8173; -340.827568; -0.544895; 574.467261; 0.0011220064; 40.390877; 0.0088819160;
23; 293; 3.8273; -340.827553; -0.544635; 573.752975; 0.0011206113; 40.339806; 0.0088762989;
23; 294; 3.8373; -340.827526; -0.544422; 573.216901; 0.0011195643; 40.316779; 0.0088737652;
23; 295; 3.8474; -340.827511; -0.544164; 572.525575; 0.0011182140; 40.267430; 0.0088683326;
23; 296; 3.8574; -340.827484; -0.543953; 571.993788; 0.0011171754; 40.245417; 0.0088659083;
23; 297; 3.8674; -340.827470; -0.543697; 571.298098; 0.0011158166; 40.198336; 0.0088607209;
23; 298; 3.8774; -340.827444; -0.543489; 570.774368; 0.0011147937; 40.177672; 0.0088584432;
23; 299; 3.8875; -340.827431; -0.543235; 570.082404; 0.0011134422; 40.133177; 0.0088535367;
23; 300; 3.8975; -340.827405; -0.543030; 569.572889; 0.0011124470; 40.114072; 0.0088514291;
23; 301; 3.9075; -340.827392; -0.542778; 568.891840; 0.0011111169; 40.072480; 0.0088468391;
23; 302; 3.9175; -340.827367; -0.542575; 568.388160; 0.0011101331; 40.054978; 0.0088449070;
23; 303; 3.9276; -340.827354; -0.542325; 567.713480; 0.0011088154; 40.016217; 0.0088406264;
23; 304; 3.9376; -340.827330; -0.542125; 567.238600; 0.0011078879; 40.000368; 0.0088388754;
23; 305; 3.9476; -340.827318; -0.541877; 566.589934; 0.0011066210; 39.964409; 0.0088349016;
23; 306; 3.9576; -340.827294; -0.541680; 566.116694; 0.0011056967; 39.950111; 0.0088333210;
23; 307; 3.9677; -340.827282; -0.541434; 565.464855; 0.0011044235; 39.916759; 0.0088296331;
23; 308; 3.9777; -340.827258; -0.541239; 565.001207; 0.0011035180; 39.903942; 0.0088282154;
23; 309; 3.9877; -340.827247; -0.540996; 564.345710; 0.0011022377; 39.872934; 0.0088247847;
23; 310; 3.9977; -340.827224; -0.540804; 563.880315; 0.0011013287; 39.861458; 0.0088235147;
23; 311; 4.0078; -340.827213; -0.540563; 563.215579; 0.0011000304; 39.832562; 0.0088203159;
23; 312; 4.0178; -340.827190; -0.540373; 562.754321; 0.0010991295; 39.822255; 0.0088191746;
23; 313; 4.0278; -340.827180; -0.540134; 562.090244; 0.0010978325; 39.795153; 0.0088161731;
23; 314; 4.0378; -340.827157; -0.539947; 561.644516; 0.0010969619; 39.785854; 0.0088151430;
23; 315; 4.0479; -340.827147; -0.539710; 561.016336; 0.0010957350; 39.760268; 0.0088123081;
23; 316; 4.0579; -340.827125; -0.539525; 560.604630; 0.0010949309; 39.751802; 0.0088113698;
23; 317; 4.0679; -340.827115; -0.539290; 560.011073; 0.0010937716; 39.727422; 0.0088086674;
23; 318; 4.0779; -340.827093; -0.539107; 559.620680; 0.0010930091; 39.719634; 0.0088078040;
23; 319; 4.0880; -340.827084; -0.538874; 559.050638; 0.0010918958; 39.696169; 0.0088052019;
23; 320; 4.0980; -340.827062; -0.538693; 558.666828; 0.0010911461; 39.688885; 0.0088043940;
23; 321; 4.1080; -340.827053; -0.538462; 558.092250; 0.0010900239; 39.666045; 0.0088018603;
23; 322; 4.1180; -340.827032; -0.538283; 557.707564; 0.0010892726; 39.659128; 0.0088010928;
23; 323; 4.1281; -340.827023; -0.538053; 557.124680; 0.0010881341; 39.636647; 0.0087985980;
23; 324; 4.1381; -340.827002; -0.537876; 556.742921; 0.0010873885; 39.629920; 0.0087978513;
23; 325; 4.1481; -340.826994; -0.537649; 556.167719; 0.0010862651; 39.607533; 0.0087953659;
23; 326; 4.1581; -340.826973; -0.537474; 555.793945; 0.0010855350; 39.600866; 0.0087946257;
23; 327; 4.1682; -340.826965; -0.537248; 555.220925; 0.0010844159; 39.578318; 0.0087921216;
23; 328; 4.1782; -340.826945; -0.537075; 554.853637; 0.0010836985; 39.571543; 0.0087913691;
23; 329; 4.1882; -340.826937; -0.536850; 554.271509; 0.0010825615; 39.548592; 0.0087888192;
23; 330; 4.1982; -340.826917; -0.536679; 553.899591; 0.0010818351; 39.541548; 0.0087880365;
23; 331; 4.2083; -340.826910; -0.536457; 553.322483; 0.0010807080; 39.517966; 0.0087854156;
23; 332; 4.2183; -340.826890; -0.536287; 552.960809; 0.0010800016; 39.510503; 0.0087845860;
23; 333; 4.2283; -340.826883; -0.536066; 552.376944; 0.0010788612; 39.486023; 0.0087818642;
23; 334; 4.2383; -340.826864; -0.535898; 552.014562; 0.0010781534; 39.477980; 0.0087809697;
23; 335; 4.2484; -340.826857; -0.535679; 551.435488; 0.0010770224; 39.452400; 0.0087781244;
23; 336; 4.2584; -340.826838; -0.535513; 551.079210; 0.0010763266; 39.443630; 0.0087771488;
23; 337; 4.2684; -340.826831; -0.535296; 550.496413; 0.0010751883; 39.416768; 0.0087741595;
23; 338; 4.2784; -340.826813; -0.535131; 550.135478; 0.0010744834; 39.407101; 0.0087730835;
23; 339; 4.2885; -340.826807; -0.534915; 549.561011; 0.0010733614; 39.378798; 0.0087699325;
23; 340; 4.2985; -340.826788; -0.534752; 549.214715; 0.0010726850; 39.368097; 0.0087687408;
23; 341; 4.3085; -340.826782; -0.534539; 548.673205; 0.0010716274; 39.338182; 0.0087654086;
23; 342; 4.3185; -340.826764; -0.534378; 548.353814; 0.0010710035; 39.326320; 0.0087640869;
23; 343; 4.3286; -340.826759; -0.534165; 547.837560; 0.0010699952; 39.294657; 0.0087605580;
23; 344; 4.3386; -340.826741; -0.534006; 547.536905; 0.0010694080; 39.281518; 0.0087590932;
23; 345; 4.3486; -340.826736; -0.533795; 547.029323; 0.0010684166; 39.248012; 0.0087553569;
23; 346; 4.3586; -340.826718; -0.533637; 546.724800; 0.0010678219; 39.233490; 0.0087537369;
23; 347; 4.3687; -340.826713; -0.533429; 546.204249; 0.0010668052; 39.198041; 0.0087497813;
23; 348; 4.3787; -340.826695; -0.533273; 545.891751; 0.0010661948; 39.182162; 0.0087480089;
23; 349; 4.3887; -340.826691; -0.533066; 545.372826; 0.0010651813; 39.144841; 0.0087438417;
23; 350; 4.3987; -340.826673; -0.532912; 545.075251; 0.0010646001; 39.127724; 0.0087419297;
23; 351; 4.4088; -340.826669; -0.532707; 544.594432; 0.0010636610; 39.088650; 0.0087375638;
23; 352; 4.4188; -340.826652; -0.532554; 544.332101; 0.0010631486; 39.070568; 0.0087355426;
23; 353; 4.4288; -340.826647; -0.532350; 543.878248; 0.0010622622; 39.030271; 0.0087310364;
23; 354; 4.4388; -340.826630; -0.532199; 543.615775; 0.0010617496; 39.011541; 0.0087289413;
23; 355; 4.4489; -340.826626; -0.531997; 543.152563; 0.0010608448; 38.970391; 0.0087243364;
23; 356; 4.4589; -340.826609; -0.531848; 542.889176; 0.0010603304; 38.951465; 0.0087222176;
23; 357; 4.4689; -340.826605; -0.531647; 542.420339; 0.0010594147; 38.910082; 0.0087175830;
23; 358; 4.4789; -340.826588; -0.531499; 542.158528; 0.0010589034; 38.891325; 0.0087154816;
23; 359; 4.4890; -340.826585; -0.531300; 541.686289; 0.0010579810; 38.850298; 0.0087108834;
23; 360; 4.4990; -340.826568; -0.531153; 541.418164; 0.0010574574; 38.832032; 0.0087088354;
23; 361; 4.5090; -340.826564; -0.530955; 540.930865; 0.0010565056; 38.791804; 0.0087043232;
23; 362; 4.5190; -340.826548; -0.530810; 540.658323; 0.0010559733; 38.774251; 0.0087023536;
23; 363; 4.5291; -340.826545; -0.530613; 540.169887; 0.0010550193; 38.735176; 0.0086979677;
23; 364; 4.5391; -340.826529; -0.530468; 539.903654; 0.0010544993; 38.718463; 0.0086960910;
23; 365; 4.5491; -340.826525; -0.530273; 539.444863; 0.0010536032; 38.680681; 0.0086918470;
23; 366; 4.5591; -340.826509; -0.530130; 539.206413; 0.0010531375; 38.664853; 0.0086900686;
23; 367; 4.5692; -340.826506; -0.529937; 538.770012; 0.0010522852; 38.628430; 0.0086859744;
23; 368; 4.5792; -340.826491; -0.529795; 538.526110; 0.0010518088; 38.613444; 0.0086842894;
23; 369; 4.5892; -340.826488; -0.529603; 538.095928; 0.0010509686; 38.578352; 0.0086803424;
23; 370; 4.5992; -340.826472; -0.529463; 537.889719; 0.0010505659; 38.564140; 0.0086787434;
23; 371; 4.6093; -340.826469; -0.529271; 537.492386; 0.0010497898; 38.530252; 0.0086749293;
23; 372; 4.6193; -340.826454; -0.529133; 537.281272; 0.0010493775; 38.516714; 0.0086734051;
23; 373; 4.6293; -340.826451; -0.528943; 536.872917; 0.0010485799; 38.483837; 0.0086697026;
23; 374; 4.6393; -340.826436; -0.528805; 536.662212; 0.0010481684; 38.470839; 0.0086682384;
23; 375; 4.6494; -340.826434; -0.528617; 536.249810; 0.0010473629; 38.438786; 0.0086646266;
23; 376; 4.6594; -340.826419; -0.528481; 536.037608; 0.0010469485; 38.426181; 0.0086632058;
23; 377; 4.6694; -340.826417; -0.528294; 535.621343; 0.0010461354; 38.394691; 0.0086596554;
23; 378; 4.6794; -340.826402; -0.528158; 535.409104; 0.0010457209; 38.382333; 0.0086582616;
23; 379; 4.6895; -340.826400; -0.527973; 534.984229; 0.0010448911; 38.351164; 0.0086547454;
23; 380; 4.6995; -340.826385; -0.527838; 534.768869; 0.0010444704; 38.338899; 0.0086533613;
23; 381; 4.7095; -340.826383; -0.527653; 534.335161; 0.0010436234; 38.307819; 0.0086498531;
23; 382; 4.7195; -340.826369; -0.527521; 534.115077; 0.0010431935; 38.295512; 0.0086484636;
23; 383; 4.7296; -340.826367; -0.527337; 533.672971; 0.0010423300; 38.264290; 0.0086449373;
23; 384; 4.7396; -340.826353; -0.527206; 533.445117; 0.0010418850; 38.251824; 0.0086435290;
23; 385; 4.7496; -340.826351; -0.527024; 532.988056; 0.0010409923; 38.220265; 0.0086399627;
23; 386; 4.7596; -340.826337; -0.526894; 532.753188; 0.0010405336; 38.207542; 0.0086385245;
23; 387; 4.7697; -340.826336; -0.526713; 532.283970; 0.0010396171; 38.175497; 0.0086349011;
23; 388; 4.7797; -340.826322; -0.526584; 532.045508; 0.0010391514; 38.162435; 0.0086334238;
23; 389; 4.7897; -340.826320; -0.526405; 531.566206; 0.0010382152; 38.129766; 0.0086297276;
23; 390; 4.7997; -340.826306; -0.526277; 531.321774; 0.0010377378; 38.116309; 0.0086282047;
23; 391; 4.8098; -340.826305; -0.526099; 530.837249; 0.0010367915; 38.082948; 0.0086244279;
23; 392; 4.8198; -340.826291; -0.525972; 530.588807; 0.0010363063; 38.069044; 0.0086228535;
23; 393; 4.8298; -340.826290; -0.525795; 530.091153; 0.0010353343; 38.034942; 0.0086189904;
23; 394; 4.8398; -340.826277; -0.525670; 529.841853; 0.0010348474; 38.020603; 0.0086173656;
23; 395; 4.8499; -340.826276; -0.525494; 529.348703; 0.0010338842; 37.985735; 0.0086134133;
23; 396; 4.8599; -340.826262; -0.525370; 529.105593; 0.0010334094; 37.970959; 0.0086117378;
23; 397; 4.8699; -340.826261; -0.525195; 528.618399; 0.0010324578; 37.935381; 0.0086077024;
23; 398; 4.8799; -340.826248; -0.525072; 528.377569; 0.0010319874; 37.920212; 0.0086059813;
23; 399; 4.8900; -340.826247; -0.524898; 527.875811; 0.0010310074; 37.883963; 0.0086018669;
23; 400; 4.9000; -340.826234; -0.524776; 527.622078; 0.0010305119; 37.868431; 0.0086001034;
