15; 1; 0.9000; -340.398846; -0.803404; 630.571665; 0.0012315853; 48.113063; 0.0096938551;
15; 2; 0.9100; -340.432213; -0.800264; 634.846462; 0.0012399345; 48.119124; 0.0096944656;
15; 3; 0.9201; -340.463584; -0.796750; 638.688898; 0.0012474393; 48.094474; 0.0096919822;
15; 4; 0.9301; -340.493077; -0.794098; 649.222493; 0.0012680127; 48.084943; 0.0096910219;
15; 5; 0.9401; -340.520810; -0.790825; 645.820907; 0.0012613690; 48.068200; 0.0096893345;
15; 6; 0.9501; -340.546853; -0.787125; 888.396306; 0.0017351490; 48.037290; 0.0096862186;
15; 7; 0.9602; -340.571317; -0.785226; 660.720574; 0.0012904699; 48.039253; 0.0096864166;
15; 8; 0.9702; -340.594278; -0.782714; 657.503024; 0.0012841856; 48.023609; 0.0096848393;
15; 9; 0.9802; -340.615820; -0.779776; 660.193798; 0.0012894410; 47.987468; 0.0096811944;
15; 10; 0.9902; -340.636025; -0.777661; 661.095126; 0.0012912014; 47.981667; 0.0096806092;
15; 11; 1.0003; -340.654960; -0.774946; 663.754974; 0.0012963964; 47.957426; 0.0096781635;
15; 12; 1.0103; -340.672697; -0.773044; 666.320099; 0.0013014064; 47.949356; 0.0096773491;
15; 13; 1.0203; -340.689301; -0.770520; 668.535224; 0.0013057329; 47.910049; 0.0096733817;
15; 14; 1.0303; -340.704840; -0.768666; 669.934386; 0.0013084656; 47.901434; 0.0096725120;
15; 15; 1.0404; -340.719361; -0.766421; 671.790081; 0.0013120900; 47.875123; 0.0096698552;
15; 16; 1.0504; -340.732927; -0.764460; 673.395295; 0.0013152252; 47.852554; 0.0096675757;
15; 17; 1.0604; -340.745589; -0.762627; 674.856453; 0.0013180790; 47.832775; 0.0096655775;
15; 18; 1.0704; -340.757405; -0.761152; 676.230555; 0.0013207628; 47.819556; 0.0096642418;
15; 19; 1.0805; -340.768407; -0.759326; 677.256288; 0.0013227662; 47.790963; 0.0096613521;
15; 20; 1.0905; -340.778647; -0.757706; 678.178638; 0.0013245677; 47.770742; 0.0096593080;
15; 21; 1.1005; -340.788168; -0.756194; 678.900296; 0.0013259771; 47.747360; 0.0096569437;
15; 22; 1.1105; -340.797016; -0.755005; 679.572253; 0.0013272896; 47.732497; 0.0096554406;
15; 23; 1.1206; -340.805216; -0.753487; 679.968033; 0.0013280626; 47.707568; 0.0096529189;
15; 24; 1.1306; -340.812810; -0.752168; 680.169036; 0.0013284551; 47.683002; 0.0096504333;
15; 25; 1.1406; -340.819832; -0.750937; 680.263671; 0.0013286400; 47.661790; 0.0096482865;
15; 26; 1.1506; -340.826316; -0.749785; 680.191673; 0.0013284994; 47.638906; 0.0096459700;
15; 27; 1.1607; -340.832297; -0.748870; 680.106577; 0.0013283332; 47.622518; 0.0096443108;
15; 28; 1.1707; -340.837791; -0.747715; 679.695805; 0.0013275309; 47.595866; 0.0096416117;
15; 29; 1.1807; -340.842833; -0.746707; 679.171309; 0.0013265065; 47.571908; 0.0096391847;
15; 30; 1.1907; -340.847450; -0.745784; 678.532156; 0.0013252581; 47.548840; 0.0096368474;
15; 31; 1.2008; -340.851665; -0.744906; 677.780112; 0.0013237893; 47.525707; 0.0096345029;
15; 32; 1.2108; -340.855503; -0.744081; 676.911366; 0.0013220925; 47.502521; 0.0096321525;
15; 33; 1.2208; -340.858986; -0.743315; 675.924944; 0.0013201659; 47.479180; 0.0096297857;
15; 34; 1.2308; -340.862135; -0.742576; 674.840898; 0.0013180486; 47.455664; 0.0096274006;
15; 35; 1.2409; -340.864969; -0.741884; 673.658514; 0.0013157393; 47.432015; 0.0096250015;
15; 36; 1.2509; -340.867508; -0.741200; 672.405566; 0.0013132921; 47.408253; 0.0096225903;
15; 37; 1.2609; -340.869771; -0.740608; 671.029114; 0.0013106037; 47.384310; 0.0096201601;
15; 38; 1.2709; -340.871774; -0.740027; 669.592337; 0.0013077975; 47.360258; 0.0096177182;
15; 39; 1.2810; -340.873534; -0.739460; 668.096696; 0.0013048764; 47.336112; 0.0096152662;
15; 40; 1.2910; -340.875066; -0.738938; 666.525208; 0.0013018070; 47.311851; 0.0096128019;
15; 41; 1.3010; -340.876385; -0.738434; 664.902007; 0.0012986367; 47.287498; 0.0096103275;
15; 42; 1.3110; -340.877506; -0.737959; 663.225528; 0.0012953624; 47.263062; 0.0096078441;
15; 43; 1.3211; -340.878441; -0.737487; 661.513937; 0.0012920194; 47.238506; 0.0096053479;
15; 44; 1.3311; -340.879204; -0.737043; 659.761241; 0.0012885962; 47.213913; 0.0096028472;
15; 45; 1.3411; -340.879807; -0.736612; 657.981253; 0.0012851196; 47.189283; 0.0096003421;
15; 46; 1.3511; -340.880261; -0.736198; 656.174560; 0.0012815909; 47.164616; 0.0095978326;
15; 47; 1.3612; -340.880576; -0.735788; 654.345912; 0.0012780194; 47.139863; 0.0095953137;
15; 48; 1.3712; -340.880765; -0.735389; 652.505663; 0.0012744251; 47.115067; 0.0095927897;
15; 49; 1.3812; -340.880835; -0.735005; 650.649503; 0.0012707998; 47.090239; 0.0095902619;
15; 50; 1.3912; -340.880797; -0.734614; 648.798914; 0.0012671854; 47.065352; 0.0095877274;
15; 51; 1.4013; -340.880660; -0.734220; 646.951589; 0.0012635773; 47.040486; 0.0095851943;
15; 52; 1.4113; -340.880431; -0.733829; 645.107402; 0.0012599754; 47.015602; 0.0095826587;
15; 53; 1.4213; -340.880119; -0.733434; 643.273135; 0.0012563928; 46.990732; 0.0095801239;
15; 54; 1.4313; -340.879731; -0.733037; 641.449446; 0.0012528309; 46.965828; 0.0095775849;
15; 55; 1.4414; -340.879275; -0.732630; 639.644492; 0.0012493056; 46.940959; 0.0095750488;
15; 56; 1.4514; -340.878757; -0.732213; 637.859796; 0.0012458199; 46.916072; 0.0095725103;
15; 57; 1.4614; -340.878183; -0.731783; 636.100015; 0.0012423828; 46.891187; 0.0095699713;
15; 58; 1.4714; -340.877560; -0.731343; 634.363057; 0.0012389903; 46.866303; 0.0095674316;
15; 59; 1.4815; -340.876893; -0.730887; 632.655323; 0.0012356549; 46.841442; 0.0095648937;
15; 60; 1.4915; -340.876188; -0.730413; 630.981238; 0.0012323852; 46.816581; 0.0095623551;
15; 61; 1.5015; -340.875449; -0.729924; 629.339382; 0.0012291785; 46.791745; 0.0095598183;
15; 62; 1.5115; -340.874681; -0.729414; 627.733328; 0.0012260417; 46.766892; 0.0095572792;
15; 63; 1.5216; -340.873889; -0.728880; 626.157939; 0.0012229647; 46.742025; 0.0095547380;
15; 64; 1.5316; -340.873077; -0.728332; 624.634347; 0.0012199890; 46.717164; 0.0095521967;
15; 65; 1.5416; -340.872248; -0.727758; 623.140251; 0.0012170708; 46.692337; 0.0095496582;
15; 66; 1.5516; -340.871406; -0.727156; 621.692051; 0.0012142423; 46.667503; 0.0095471183;
15; 67; 1.5617; -340.870555; -0.726531; 620.284755; 0.0012114937; 46.642711; 0.0095445820;
15; 68; 1.5717; -340.869696; -0.725878; 618.921675; 0.0012088314; 46.617874; 0.0095420404;
15; 69; 1.5817; -340.868834; -0.725201; 617.598964; 0.0012062480; 46.593000; 0.0095394944;
15; 70; 1.5917; -340.867970; -0.724495; 616.321448; 0.0012037528; 46.568096; 0.0095369446;
15; 71; 1.6018; -340.867108; -0.723761; 615.089375; 0.0012013464; 46.543185; 0.0095343934;
15; 72; 1.6118; -340.866249; -0.723000; 613.902341; 0.0011990280; 46.518221; 0.0095318361;
15; 73; 1.6218; -340.865395; -0.722235; 612.768600; 0.0011968137; 46.493205; 0.0095292728;
15; 74; 1.6318; -340.864547; -0.721391; 611.664887; 0.0011946580; 46.468142; 0.0095267040;
15; 75; 1.6419; -340.863709; -0.720543; 610.613366; 0.0011926042; 46.443004; 0.0095241268;
15; 76; 1.6519; -340.862880; -0.719668; 609.605904; 0.0011906365; 46.417799; 0.0095215421;
15; 77; 1.6619; -340.862063; -0.718764; 608.644701; 0.0011887592; 46.392511; 0.0095189482;
15; 78; 1.6719; -340.861258; -0.717832; 607.728401; 0.0011869695; 46.367144; 0.0095163453;
15; 79; 1.6820; -340.860466; -0.716873; 606.855578; 0.0011852648; 46.341676; 0.0095137315;
15; 80; 1.6920; -340.859688; -0.715888; 606.024714; 0.0011836420; 46.316156; 0.0095111115;
15; 81; 1.7020; -340.858925; -0.714876; 605.238512; 0.0011821065; 46.290538; 0.0095084808;
15; 82; 1.7120; -340.858178; -0.713194; 987.356792; 0.0019284312; 46.357747; 0.0095153809;
15; 83; 1.7221; -340.857446; -0.712780; 603.801531; 0.0011792999; 46.238938; 0.0095031798;
15; 84; 1.7321; -340.856730; -0.711696; 603.124199; 0.0011779770; 46.212993; 0.0095005133;
15; 85; 1.7421; -340.856032; -0.710586; 602.509963; 0.0011767773; 46.186902; 0.0094978310;
15; 86; 1.7521; -340.855349; -0.709463; 601.919275; 0.0011756236; 46.160715; 0.0094951381;
15; 87; 1.7622; -340.854684; -0.708315; 601.374258; 0.0011745591; 46.134361; 0.0094924272;
15; 88; 1.7722; -340.854035; -0.707149; 600.865491; 0.0011735654; 46.107901; 0.0094897046;
15; 89; 1.7822; -340.853404; -0.705934; 709.431514; 0.0013856084; 46.082687; 0.0094871095;
15; 90; 1.7922; -340.852789; -0.704767; 599.953472; 0.0011717841; 46.054561; 0.0094842140;
15; 91; 1.8023; -340.852192; -0.703553; 599.551965; 0.0011709999; 46.027681; 0.0094814458;
15; 92; 1.8123; -340.851610; -0.702324; 599.184963; 0.0011702831; 46.000678; 0.0094786641;
15; 93; 1.8223; -340.851046; -0.701083; 598.850148; 0.0011696292; 45.973526; 0.0094758663;
15; 94; 1.8323; -340.850497; -0.699832; 598.547030; 0.0011690372; 45.946266; 0.0094730566;
15; 95; 1.8424; -340.849965; -0.698570; 598.274201; 0.0011685043; 45.918853; 0.0094702302;
15; 96; 1.8524; -340.849448; -0.697300; 598.032344; 0.0011680319; 45.891326; 0.0094673912;
15; 97; 1.8624; -340.848947; -0.696022; 597.820160; 0.0011676175; 45.863668; 0.0094645378;
15; 98; 1.8724; -340.848461; -0.694738; 597.636266; 0.0011672583; 45.835880; 0.0094616702;
15; 99; 1.8825; -340.847989; -0.693449; 597.479750; 0.0011669526; 45.807989; 0.0094587910;
15; 100; 1.8925; -340.847532; -0.692156; 597.349813; 0.0011666989; 45.779959; 0.0094558967;
15; 101; 1.9025; -340.847089; -0.690861; 597.246495; 0.0011664971; 45.751827; 0.0094529909;
15; 102; 1.9125; -340.846659; -0.689563; 597.167453; 0.0011663427; 45.723582; 0.0094500726;
15; 103; 1.9226; -340.846243; -0.688265; 597.113459; 0.0011662372; 45.695227; 0.0094471419;
15; 104; 1.9326; -340.845840; -0.686968; 597.086278; 0.0011661841; 45.666768; 0.0094441997;
15; 105; 1.9426; -340.845450; -0.685672; 597.083590; 0.0011661789; 45.638204; 0.0094412455;
15; 106; 1.9526; -340.845071; -0.684378; 597.103596; 0.0011662180; 45.609590; 0.0094382854;
15; 107; 1.9627; -340.844705; -0.683086; 597.149035; 0.0011663067; 45.580884; 0.0094353147;
15; 108; 1.9727; -340.844350; -0.681799; 597.217010; 0.0011664395; 45.552113; 0.0094323364;
15; 109; 1.9827; -340.844006; -0.680517; 597.305815; 0.0011666129; 45.523244; 0.0094293471;
15; 110; 1.9927; -340.843673; -0.679239; 597.419088; 0.0011668342; 45.494325; 0.0094263515;
15; 111; 2.0028; -340.843350; -0.677968; 597.551105; 0.0011670920; 45.465347; 0.0094233490;
15; 112; 2.0128; -340.843037; -0.676703; 597.706997; 0.0011673965; 45.436350; 0.0094203434;
15; 113; 2.0228; -340.842735; -0.675446; 597.882534; 0.0011677393; 45.407316; 0.0094173332;
15; 114; 2.0328; -340.842441; -0.674197; 598.079314; 0.0011681237; 45.378231; 0.0094143166;
15; 115; 2.0429; -340.842156; -0.672900; 772.583686; 0.0015089525; 45.350027; 0.0094113905;
15; 116; 2.0529; -340.841880; -0.671723; 598.538539; 0.0011690206; 45.320032; 0.0094082776;
15; 117; 2.0629; -340.841613; -0.670501; 598.802137; 0.0011695354; 45.290931; 0.0094052565;
15; 118; 2.0729; -340.841353; -0.669287; 599.087471; 0.0011700927; 45.261856; 0.0094022371;
15; 119; 2.0830; -340.841102; -0.668084; 599.396012; 0.0011706953; 45.232768; 0.0093992153;
15; 120; 2.0930; -340.840857; -0.666891; 599.727592; 0.0011713430; 45.203717; 0.0093961965;
15; 121; 2.1030; -340.840620; -0.665709; 600.081006; 0.0011720332; 45.174653; 0.0093931754;
15; 122; 2.1130; -340.840390; -0.664538; 600.456583; 0.0011727668; 45.145656; 0.0093901603;
15; 123; 2.1231; -340.840167; -0.663378; 600.856461; 0.0011735478; 45.116712; 0.0093871496;
15; 124; 2.1331; -340.839949; -0.662230; 601.280269; 0.0011743755; 45.087811; 0.0093841425;
15; 125; 2.1431; -340.839738; -0.661088; 601.734041; 0.0011752618; 45.058711; 0.0093811137;
15; 126; 2.1531; -340.839533; -0.659967; 602.196915; 0.0011761658; 45.029896; 0.0093781137;
15; 127; 2.1632; -340.839334; -0.658018; 958.315633; 0.0018717102; 44.950559; 0.0093698485;
15; 128; 2.1732; -340.839139; -0.657757; 603.224212; 0.0011781723; 44.972522; 0.0093721373;
15; 129; 2.1832; -340.838950; -0.656664; 603.782501; 0.0011792627; 44.943775; 0.0093691414;
15; 130; 2.1932; -340.838766; -0.655589; 604.366054; 0.0011804024; 44.915236; 0.0093661663;
15; 131; 2.2033; -340.838587; -0.654526; 604.983607; 0.0011816086; 44.886776; 0.0093631984;
15; 132; 2.2133; -340.838412; -0.653475; 605.633580; 0.0011828781; 44.858405; 0.0093602389;
15; 133; 2.2233; -340.838242; -0.652436; 606.315097; 0.0011842092; 44.830055; 0.0093572807;
15; 134; 2.2333; -340.838075; -0.651410; 607.032965; 0.0011856113; 44.801842; 0.0093543358;
15; 135; 2.2434; -340.837913; -0.650397; 607.785518; 0.0011870811; 44.773688; 0.0093513961;
15; 136; 2.2534; -340.837754; -0.649395; 608.580091; 0.0011886330; 44.745608; 0.0093484633;
15; 137; 2.2634; -340.837600; -0.648407; 609.413360; 0.0011902605; 44.717590; 0.0093455360;
15; 138; 2.2734; -340.837448; -0.647431; 610.291331; 0.0011919753; 44.689622; 0.0093426131;
15; 139; 2.2835; -340.837300; -0.646467; 611.215655; 0.0011937806; 44.661715; 0.0093396955;
15; 140; 2.2935; -340.837155; -0.645516; 612.189732; 0.0011956831; 44.633863; 0.0093367828;
15; 141; 2.3035; -340.837013; -0.644576; 613.215920; 0.0011976873; 44.606045; 0.0093338728;
15; 142; 2.3135; -340.836874; -0.643649; 614.296425; 0.0011997977; 44.578265; 0.0093309659;
15; 143; 2.3236; -340.836738; -0.642734; 615.435219; 0.0012020219; 44.550501; 0.0093280596;
15; 144; 2.3336; -340.836604; -0.641832; 616.635815; 0.0012043668; 44.522778; 0.0093251569;
15; 145; 2.3436; -340.836473; -0.640941; 617.903586; 0.0012068429; 44.495052; 0.0093222529;
15; 146; 2.3536; -340.836344; -0.640062; 619.240132; 0.0012094534; 44.467339; 0.0093193494;
15; 147; 2.3637; -340.836220; -0.639073; 622.133907; 0.0012151053; 44.446861; 0.0093172032;
15; 148; 2.3737; -340.836093; -0.638138; 624.531825; 0.0012197887; 44.422569; 0.0093146567;
15; 149; 2.3837; -340.835968; -0.637240; 626.781790; 0.0012241832; 44.396686; 0.0093119427;
15; 150; 2.3937; -340.835845; -0.636373; 628.957121; 0.0012284319; 44.369951; 0.0093091386;
15; 151; 2.4038; -340.835724; -0.635528; 631.151128; 0.0012327170; 44.342765; 0.0093062862;
15; 152; 2.4138; -340.835606; -0.634704; 633.399438; 0.0012371083; 44.315240; 0.0093033974;
15; 153; 2.4238; -340.835490; -0.633897; 635.730819; 0.0012416618; 44.287485; 0.0093004835;
15; 154; 2.4338; -340.835375; -0.633110; 638.308663; 0.0012466966; 44.262043; 0.0092978117;
15; 155; 2.4439; -340.835262; -0.632337; 640.943143; 0.0012518421; 44.235775; 0.0092950523;
15; 156; 2.4539; -340.835151; -0.631576; 643.717279; 0.0012572603; 44.208972; 0.0092922359;
15; 157; 2.4639; -340.835062; -0.631016; 641.883843; 0.0012536794; 44.160689; 0.0092871602;
15; 158; 2.4739; -340.834952; -0.630218; 646.972871; 0.0012636189; 44.142621; 0.0092852601;
15; 159; 2.4840; -340.834841; -0.629449; 651.305158; 0.0012720804; 44.119287; 0.0092828057;
15; 160; 2.4940; -340.834733; -0.628703; 655.506519; 0.0012802862; 44.093896; 0.0092801341;
15; 161; 2.5040; -340.834627; -0.627978; 659.793366; 0.0012886589; 44.067421; 0.0092773478;
15; 162; 2.5140; -340.834539; -0.627377; 659.065224; 0.0012872368; 44.021441; 0.0092725065;
15; 163; 2.5241; -340.834435; -0.626650; 666.252431; 0.0013012743; 44.002958; 0.0092705597;
15; 164; 2.5341; -340.834331; -0.625944; 672.418520; 0.0013133174; 43.978617; 0.0092679953;
15; 165; 2.5441; -340.834229; -0.625258; 678.550209; 0.0013252934; 43.952305; 0.0092652223;
15; 166; 2.5541; -340.834145; -0.624678; 678.279694; 0.0013247650; 43.906162; 0.0092603576;
15; 167; 2.5642; -340.834046; -0.624000; 688.219795; 0.0013441793; 43.887460; 0.0092583851;
15; 168; 2.5742; -340.833946; -0.623338; 696.973787; 0.0013612769; 43.862852; 0.0092557891;
15; 169; 2.5842; -340.833848; -0.622696; 705.858864; 0.0013786306; 43.836232; 0.0092529801;
15; 170; 2.5942; -340.833769; -0.622144; 706.010726; 0.0013789272; 43.789205; 0.0092480156;
15; 171; 2.6043; -340.833673; -0.621517; 720.544755; 0.0014073140; 43.770449; 0.0092460347;
15; 172; 2.6143; -340.833577; -0.620905; 733.687198; 0.0014329828; 43.745661; 0.0092434163;
15; 173; 2.6243; -340.833483; -0.620313; 747.324894; 0.0014596189; 43.718857; 0.0092405840;
15; 174; 2.6343; -340.833408; -0.619786; 748.478953; 0.0014618730; 43.671328; 0.0092355596;
15; 175; 2.6444; -340.833316; -0.619225; 770.903675; 0.0015056712; 43.652573; 0.0092335763;
15; 176; 2.6544; -340.833223; -0.618678; 791.660882; 0.0015462127; 43.627767; 0.0092309524;
15; 177; 2.6644; -340.833133; -0.618155; 813.358478; 0.0015885908; 43.600965; 0.0092281166;
15; 178; 2.6744; -340.833062; -0.617655; 816.559370; 0.0015948425; 43.553084; 0.0092230481;
15; 179; 2.6845; -340.832973; -0.617197; 851.608116; 0.0016632971; 43.534598; 0.0092210906;
15; 180; 2.6945; -340.832884; -0.616759; 883.214200; 0.0017250277; 43.510109; 0.0092184967;
15; 181; 2.7045; -340.832812; -0.616286; 891.559885; 0.0017413279; 43.464975; 0.0092137142;
15; 182; 2.7145; -340.832725; -0.615967; 933.908415; 0.0018240399; 43.446953; 0.0092118039;
15; 183; 2.7246; -340.832638; -0.615670; 966.466363; 0.0018876296; 43.423052; 0.0092092697;
15; 184; 2.7346; -340.832568; -0.615247; 975.084229; 0.0019044614; 43.378522; 0.0092045464;
15; 185; 2.7446; -340.832484; -0.615143; 1005.049417; 0.0019629871; 43.361245; 0.0092027133;
15; 186; 2.7546; -340.832399; -0.615036; 1019.361487; 0.0019909404; 43.337911; 0.0092002368;
15; 187; 2.7647; -340.832331; -0.614671; 1021.975244; 0.0019960454; 43.293764; 0.0091955496;
15; 188; 2.7747; -340.832249; -0.614786; 1024.990634; 0.0020019348; 43.276765; 0.0091937442;
15; 189; 2.7847; -340.832166; -0.614832; 1021.282327; 0.0019946920; 43.253515; 0.0091912742;
15; 190; 2.7947; -340.832102; -0.614507; 1019.315581; 0.0019908507; 43.209458; 0.0091865920;
15; 191; 2.8048; -340.832022; -0.614756; 1010.058582; 0.0019727707; 43.192305; 0.0091847684;
15; 192; 2.8148; -340.831941; -0.614880; 1001.587780; 0.0019562261; 43.168972; 0.0091822872;
15; 193; 2.8248; -340.831879; -0.614579; 998.563675; 0.0019503197; 43.124970; 0.0091776062;
15; 194; 2.8348; -340.831801; -0.614887; 988.371050; 0.0019304122; 43.107762; 0.0091757751;
15; 195; 2.8449; -340.831722; -0.615046; 980.534571; 0.0019151066; 43.084437; 0.0091732923;
15; 196; 2.8549; -340.831662; -0.614751; 977.792096; 0.0019097502; 43.040449; 0.0091686082;
15; 197; 2.8649; -340.831586; -0.615090; 969.252111; 0.0018930705; 43.023274; 0.0091667787;
15; 198; 2.8749; -340.831510; -0.615264; 962.892146; 0.0018806487; 43.000050; 0.0091643043;
15; 199; 2.8850; -340.831452; -0.614971; 960.625209; 0.0018762211; 42.956092; 0.0091596188;
15; 200; 2.8950; -340.831379; -0.615323; 953.804936; 0.0018629003; 42.939056; 0.0091578023;
15; 201; 2.9050; -340.831304; -0.615506; 948.718539; 0.0018529659; 42.915943; 0.0091553373;
15; 202; 2.9150; -340.831249; -0.615211; 946.874194; 0.0018493637; 42.872034; 0.0091506525;
15; 203; 2.9251; -340.831177; -0.615568; 941.395011; 0.0018386621; 42.855105; 0.0091488456;
15; 204; 2.9351; -340.831105; -0.615751; 937.284409; 0.0018306336; 42.832113; 0.0091463912;
15; 205; 2.9451; -340.831052; -0.615460; 935.746766; 0.0018276304; 42.788258; 0.0091417075;
15; 206; 2.9551; -340.830982; -0.615814; 931.270968; 0.0018188886; 42.771449; 0.0091399117;
15; 207; 2.9652; -340.830912; -0.615997; 927.874777; 0.0018122554; 42.748543; 0.0091374640;
15; 208; 2.9752; -340.830861; -0.615699; 926.613235; 0.0018097915; 42.704726; 0.0091327799;
15; 209; 2.9852; -340.830793; -0.616056; 922.851591; 0.0018024445; 42.687996; 0.0091309908;
15; 210; 2.9952; -340.830725; -0.616237; 919.986041; 0.0017968477; 42.665145; 0.0091285465;
15; 211; 3.0053; -340.830676; -0.615939; 918.923371; 0.0017947722; 42.621311; 0.0091238560;
15; 212; 3.0153; -340.830610; -0.616292; 915.703565; 0.0017884835; 42.604659; 0.0091220735;
15; 213; 3.0253; -340.830543; -0.616471; 913.235958; 0.0017836640; 42.581845; 0.0091196308;
15; 214; 3.0353; -340.830497; -0.616170; 912.332440; 0.0017818993; 42.538048; 0.0091149397;
15; 215; 3.0454; -340.830433; -0.616521; 909.521387; 0.0017764090; 42.521391; 0.0091131549;
15; 216; 3.0554; -340.830368; -0.616699; 907.358812; 0.0017721852; 42.498596; 0.0091107118;
15; 217; 3.0654; -340.830323; -0.616393; 906.585326; 0.0017706745; 42.454817; 0.0091060180;
15; 218; 3.0754; -340.830261; -0.616741; 904.087967; 0.0017657968; 42.438153; 0.0091042307;
15; 219; 3.0855; -340.830198; -0.616915; 902.166010; 0.0017620430; 42.415376; 0.0091017873;
15; 220; 3.0955; -340.830156; -0.616608; 901.495340; 0.0017607331; 42.371604; 0.0090970896;
15; 221; 3.1055; -340.830096; -0.616953; 899.247661; 0.0017563431; 42.354935; 0.0090953000;
15; 222; 3.1155; -340.830034; -0.617124; 897.515438; 0.0017529598; 42.332161; 0.0090928544;
15; 223; 3.1256; -340.829994; -0.616811; 896.931977; 0.0017518203; 42.288426; 0.0090881562;
15; 224; 3.1356; -340.829936; -0.617156; 894.878066; 0.0017478087; 42.271765; 0.0090863657;
15; 225; 3.1456; -340.829876; -0.617324; 893.297625; 0.0017447219; 42.249025; 0.0090839214;
15; 226; 3.1556; -340.829838; -0.617011; 892.782643; 0.0017437161; 42.205335; 0.0090792233;
15; 227; 3.1657; -340.829781; -0.617350; 890.890211; 0.0017400199; 42.188732; 0.0090774372;
15; 228; 3.1757; -340.829724; -0.617515; 889.433581; 0.0017371750; 42.166077; 0.0090749997;
15; 229; 3.1857; -340.829687; -0.617199; 888.981418; 0.0017362918; 42.122433; 0.0090703019;
15; 230; 3.1957; -340.829633; -0.617539; 887.215736; 0.0017328432; 42.105925; 0.0090685244;
15; 231; 3.2058; -340.829577; -0.617698; 885.861345; 0.0017301979; 42.083382; 0.0090660965;
15; 232; 3.2158; -340.829542; -0.617377; 885.459921; 0.0017294139; 42.039871; 0.0090614084;
15; 233; 3.2258; -340.829489; -0.617714; 883.801802; 0.0017261754; 42.023493; 0.0090596432;
15; 234; 3.2358; -340.829435; -0.617874; 882.532005; 0.0017236953; 42.001095; 0.0090572285;
15; 235; 3.2459; -340.829403; -0.617554; 882.173190; 0.0017229945; 41.957713; 0.0090525499;
15; 236; 3.2559; -340.829351; -0.617888; 880.605884; 0.0017199334; 41.941488; 0.0090507994;
15; 237; 3.2659; -340.829299; -0.618041; 879.407672; 0.0017175931; 41.919262; 0.0090484009;
15; 238; 3.2759; -340.829268; -0.617719; 879.087852; 0.0017169685; 41.875983; 0.0090437287;
15; 239; 3.2860; -340.829219; -0.618047; 877.595743; 0.0017140542; 41.859952; 0.0090419975;
15; 240; 3.2960; -340.829168; -0.618201; 876.458345; 0.0017118327; 41.837901; 0.0090396156;
15; 241; 3.3060; -340.829139; -0.617877; 876.170198; 0.0017112699; 41.794789; 0.0090349569;
15; 242; 3.3160; -340.829091; -0.618202; 874.742754; 0.0017084819; 41.778874; 0.0090332366;
15; 243; 3.3261; -340.829042; -0.618353; 873.657198; 0.0017063617; 41.756961; 0.0090308673;
15; 244; 3.3361; -340.829014; -0.618026; 873.401591; 0.0017058625; 41.714005; 0.0090262211;
15; 245; 3.3461; -340.828968; -0.618349; 872.026792; 0.0017031773; 41.698252; 0.0090245165;
15; 246; 3.3561; -340.828921; -0.618499; 870.985973; 0.0017011445; 41.676494; 0.0090221617;
15; 247; 3.3662; -340.828895; -0.618171; 870.754839; 0.0017006930; 41.633643; 0.0090175223;
15; 248; 3.3762; -340.828850; -0.618491; 869.428030; 0.0016981016; 41.617983; 0.0090158263;
15; 249; 3.3862; -340.828804; -0.618638; 868.426964; 0.0016961464; 41.596280; 0.0090134752;
15; 250; 3.3962; -340.828780; -0.618305; 868.221476; 0.0016957451; 41.553445; 0.0090088330;
15; 251; 3.4063; -340.828736; -0.618628; 866.935846; 0.0016932341; 41.537891; 0.0090071468;
15; 252; 3.4163; -340.828692; -0.618770; 865.966564; 0.0016913409; 41.516254; 0.0090048006;
15; 253; 3.4263; -340.828669; -0.618438; 865.777948; 0.0016909726; 41.473672; 0.0090001815;
15; 254; 3.4363; -340.828627; -0.618758; 864.530891; 0.0016885369; 41.458066; 0.0089984879;
15; 255; 3.4464; -340.828598; -0.618531; 864.163636; 0.0016878196; 41.420336; 0.0089943923;
15; 256; 3.4564; -340.828557; -0.618838; 862.959899; 0.0016854686; 41.404628; 0.0089926867;
15; 257; 3.4664; -340.828529; -0.618613; 862.615222; 0.0016847954; 41.367297; 0.0089886318;
15; 258; 3.4764; -340.828489; -0.618919; 861.432876; 0.0016824861; 41.351526; 0.0089869182;
15; 259; 3.4865; -340.828461; -0.618694; 861.101592; 0.0016818390; 41.314206; 0.0089828619;
15; 260; 3.4965; -340.828422; -0.618997; 859.938905; 0.0016795682; 41.298418; 0.0089811454;
15; 261; 3.5065; -340.828395; -0.618770; 859.617227; 0.0016789399; 41.261133; 0.0089770903;
15; 262; 3.5165; -340.828357; -0.619073; 858.474178; 0.0016767074; 41.245341; 0.0089753722;
15; 263; 3.5266; -340.828331; -0.618846; 858.160797; 0.0016760953; 41.208152; 0.0089713250;
15; 264; 3.5366; -340.828294; -0.619148; 857.034076; 0.0016738947; 41.192337; 0.0089696032;
15; 265; 3.5466; -340.828269; -0.618919; 856.730864; 0.0016733025; 41.155168; 0.0089655556;
15; 266; 3.5566; -340.828233; -0.619220; 855.617156; 0.0016711273; 41.139387; 0.0089638366;
15; 267; 3.5667; -340.828209; -0.618992; 855.325751; 0.0016705581; 41.102260; 0.0089597908;
15; 268; 3.5767; -340.828173; -0.619290; 854.224512; 0.0016684073; 41.086518; 0.0089580748;
15; 269; 3.5867; -340.828150; -0.619062; 853.939984; 0.0016678515; 41.049507; 0.0089540392;
15; 270; 3.5967; -340.828115; -0.619359; 852.851057; 0.0016657247; 41.033811; 0.0089523272;
15; 271; 3.6068; -340.828093; -0.619127; 852.576451; 0.0016651884; 40.996855; 0.0089482950;
15; 272; 3.6168; -340.828059; -0.619425; 851.498253; 0.0016630825; 40.981229; 0.0089465895;
15; 273; 3.6268; -340.828037; -0.619192; 851.230874; 0.0016625603; 40.944376; 0.0089425659;
15; 274; 3.6368; -340.828004; -0.619489; 850.164572; 0.0016604777; 40.928848; 0.0089408700;
15; 275; 3.6469; -340.827983; -0.619255; 849.903480; 0.0016599677; 40.892112; 0.0089368566;
15; 276; 3.6569; -340.827950; -0.619551; 848.847291; 0.0016579049; 40.876671; 0.0089351692;
15; 277; 3.6669; -340.827930; -0.619316; 848.594111; 0.0016574104; 40.840016; 0.0089311620;
15; 278; 3.6769; -340.827898; -0.619612; 847.546645; 0.0016553645; 40.824704; 0.0089294876;
15; 279; 3.6870; -340.827878; -0.619376; 847.297433; 0.0016548778; 40.788209; 0.0089254955;
15; 280; 3.6970; -340.827847; -0.619671; 846.260645; 0.0016528528; 40.772993; 0.0089238305;
15; 281; 3.7070; -340.827828; -0.619434; 846.018813; 0.0016523805; 40.736588; 0.0089198458;
15; 282; 3.7170; -340.827797; -0.619728; 844.988972; 0.0016503691; 40.721484; 0.0089181920;
15; 283; 3.7271; -340.827779; -0.619490; 844.754475; 0.0016499111; 40.685157; 0.0089142132;
15; 284; 3.7371; -340.827749; -0.619782; 843.731417; 0.0016479129; 40.670167; 0.0089125709;
15; 285; 3.7471; -340.827732; -0.619546; 843.499334; 0.0016474596; 40.633994; 0.0089086065;
15; 286; 3.7571; -340.827702; -0.619837; 842.485230; 0.0016454790; 40.619086; 0.0089069721;
15; 287; 3.7672; -340.827685; -0.619599; 842.258779; 0.0016450367; 40.582986; 0.0089030132;
15; 288; 3.7772; -340.827656; -0.619890; 841.250579; 0.0016430675; 40.568152; 0.0089013860;
15; 289; 3.7872; -340.827640; -0.619651; 841.030297; 0.0016426373; 40.532158; 0.0088974362;
15; 290; 3.7972; -340.827611; -0.619941; 840.026922; 0.0016406776; 40.517374; 0.0088958134;
15; 291; 3.8073; -340.827596; -0.619702; 839.811631; 0.0016402571; 40.481433; 0.0088918670;
15; 292; 3.8173; -340.827568; -0.619991; 838.815473; 0.0016383115; 40.466692; 0.0088902479;
15; 293; 3.8273; -340.827553; -0.619754; 838.602802; 0.0016378961; 40.430837; 0.0088863085;
15; 294; 3.8373; -340.827526; -0.620040; 837.615809; 0.0016359684; 40.416105; 0.0088846893;
15; 295; 3.8474; -340.827511; -0.619800; 837.407502; 0.0016355615; 40.380316; 0.0088807547;
15; 296; 3.8574; -340.827484; -0.620088; 836.425677; 0.0016336439; 40.365560; 0.0088791319;
15; 297; 3.8674; -340.827470; -0.619850; 836.221089; 0.0016332443; 40.329820; 0.0088752003;
15; 298; 3.8774; -340.827444; -0.620135; 835.243777; 0.0016313355; 40.315051; 0.0088735750;
15; 299; 3.8875; -340.827431; -0.619895; 835.044222; 0.0016309457; 40.279301; 0.0088696398;
15; 300; 3.8975; -340.827405; -0.620179; 834.071956; 0.0016290468; 40.264523; 0.0088680125;
15; 301; 3.9075; -340.827392; -0.619941; 833.874544; 0.0016286612; 40.228870; 0.0088640855;
15; 302; 3.9175; -340.827367; -0.620224; 832.907574; 0.0016267726; 40.214028; 0.0088624502;
15; 303; 3.9276; -340.827354; -0.619982; 832.715030; 0.0016263965; 40.178400; 0.0088585234;
15; 304; 3.9376; -340.827330; -0.620268; 831.751038; 0.0016245137; 40.163555; 0.0088568868;
15; 305; 3.9476; -340.827318; -0.620028; 831.560194; 0.0016241410; 40.127993; 0.0088529649;
15; 306; 3.9576; -340.827294; -0.620310; 830.605995; 0.0016222773; 40.113118; 0.0088513238;
15; 307; 3.9677; -340.827282; -0.620071; 830.417567; 0.0016219093; 40.077609; 0.0088474053;
15; 308; 3.9777; -340.827258; -0.620352; 829.467766; 0.0016200542; 40.062736; 0.0088457634;
15; 309; 3.9877; -340.827247; -0.620112; 829.282566; 0.0016196925; 40.027262; 0.0088418463;
15; 310; 3.9977; -340.827224; -0.620393; 828.336199; 0.0016178441; 40.012407; 0.0088402054;
15; 311; 4.0078; -340.827213; -0.620152; 828.153662; 0.0016174876; 39.977017; 0.0088362951;
15; 312; 4.0178; -340.827190; -0.620432; 827.211929; 0.0016156483; 39.962187; 0.0088346560;
15; 313; 4.0278; -340.827180; -0.620191; 827.032075; 0.0016152970; 39.926875; 0.0088307518;
15; 314; 4.0378; -340.827157; -0.620471; 826.093230; 0.0016134633; 39.912105; 0.0088291183;
15; 315; 4.0479; -340.827147; -0.620226; 825.916677; 0.0016131185; 39.876877; 0.0088252209;
15; 316; 4.0579; -340.827125; -0.620508; 824.981344; 0.0016112917; 39.862190; 0.0088235957;
15; 317; 4.0679; -340.827115; -0.620266; 824.806772; 0.0016109507; 39.827062; 0.0088197070;
15; 318; 4.0779; -340.827093; -0.620545; 823.875499; 0.0016091318; 39.812466; 0.0088180907;
15; 319; 4.0880; -340.827084; -0.620299; 823.703640; 0.0016087962; 39.777446; 0.0088142115;
15; 320; 4.0980; -340.827062; -0.620581; 822.776685; 0.0016069857; 39.762959; 0.0088126063;
15; 321; 4.1080; -340.827053; -0.620338; 822.606633; 0.0016066536; 39.728060; 0.0088087381;
15; 322; 4.1180; -340.827032; -0.620616; 821.682500; 0.0016048486; 39.713694; 0.0088071453;
15; 323; 4.1281; -340.827023; -0.620373; 821.515021; 0.0016045215; 39.678928; 0.0088032895;
15; 324; 4.1381; -340.827002; -0.620650; 820.593366; 0.0016027214; 39.664684; 0.0088017092;
15; 325; 4.1481; -340.826994; -0.620406; 820.427876; 0.0016023982; 39.630033; 0.0087978638;
15; 326; 4.1581; -340.826973; -0.620685; 819.510091; 0.0016006056; 39.615915; 0.0087962966;
15; 327; 4.1682; -340.826965; -0.620440; 819.346073; 0.0016002853; 39.581394; 0.0087924633;
15; 328; 4.1782; -340.826945; -0.620718; 818.431330; 0.0015984987; 39.567401; 0.0087909090;
15; 329; 4.1882; -340.826937; -0.620473; 818.269158; 0.0015981819; 39.532994; 0.0087870860;
15; 330; 4.1982; -340.826917; -0.620749; 817.356569; 0.0015963995; 39.519099; 0.0087855415;
15; 331; 4.2083; -340.826910; -0.620505; 817.195957; 0.0015960859; 39.484840; 0.0087817327;
15; 332; 4.2183; -340.826890; -0.620781; 816.286857; 0.0015943103; 39.471029; 0.0087801967;
15; 333; 4.2283; -340.826883; -0.620536; 816.129180; 0.0015940023; 39.436837; 0.0087763929;
15; 334; 4.2383; -340.826864; -0.620812; 815.221928; 0.0015922303; 39.423096; 0.0087748638;
15; 335; 4.2484; -340.826857; -0.620567; 815.065553; 0.0015919249; 39.388995; 0.0087710679;
15; 336; 4.2584; -340.826838; -0.620843; 814.160510; 0.0015901572; 39.375295; 0.0087695424;
15; 337; 4.2684; -340.826831; -0.620597; 814.005973; 0.0015898554; 39.341271; 0.0087657527;
15; 338; 4.2784; -340.826813; -0.620872; 813.104682; 0.0015880951; 39.327586; 0.0087642280;
15; 339; 4.2885; -340.826807; -0.620627; 812.951642; 0.0015877962; 39.293631; 0.0087604437;
15; 340; 4.2985; -340.826788; -0.620902; 812.054088; 0.0015860431; 39.279952; 0.0087589186;
15; 341; 4.3085; -340.826782; -0.620653; 811.902223; 0.0015857465; 39.246044; 0.0087551374;
15; 342; 4.3185; -340.826764; -0.620932; 811.007504; 0.0015839990; 39.232342; 0.0087536089;
15; 343; 4.3286; -340.826759; -0.620685; 810.857016; 0.0015837051; 39.198476; 0.0087498299;
15; 344; 4.3386; -340.826741; -0.620960; 809.964228; 0.0015819614; 39.184743; 0.0087482970;
15; 345; 4.3486; -340.826736; -0.620713; 809.814902; 0.0015816697; 39.150941; 0.0087445229;
15; 346; 4.3586; -340.826718; -0.620986; 808.923951; 0.0015799296; 39.137145; 0.0087429822;
15; 347; 4.3687; -340.826713; -0.620736; 808.777426; 0.0015796434; 39.103351; 0.0087392066;
15; 348; 4.3787; -340.826695; -0.621013; 807.887815; 0.0015779059; 39.089511; 0.0087376599;
15; 349; 4.3887; -340.826691; -0.620763; 807.742711; 0.0015776225; 39.055748; 0.0087338857;
15; 350; 4.3987; -340.826673; -0.621040; 806.855377; 0.0015758894; 39.041862; 0.0087323328;
15; 351; 4.4088; -340.826669; -0.620787; 806.715002; 0.0015756152; 39.008093; 0.0087285555;
15; 352; 4.4188; -340.826652; -0.621065; 805.829794; 0.0015738863; 38.994181; 0.0087269989;
15; 353; 4.4288; -340.826647; -0.620818; 805.684831; 0.0015736032; 38.960535; 0.0087232330;
15; 354; 4.4388; -340.826630; -0.621090; 804.806384; 0.0015718875; 38.946576; 0.0087216702;
15; 355; 4.4489; -340.826626; -0.620842; 804.664471; 0.0015716103; 38.912924; 0.0087179014;
15; 356; 4.4589; -340.826609; -0.621114; 803.788539; 0.0015698995; 38.898966; 0.0087163377;
15; 357; 4.4689; -340.826605; -0.620866; 803.647739; 0.0015696245; 38.865358; 0.0087125715;
15; 358; 4.4789; -340.826588; -0.621138; 802.773762; 0.0015679175; 38.851416; 0.0087110087;
15; 359; 4.4890; -340.826585; -0.620887; 802.634641; 0.0015676458; 38.817868; 0.0087072469;
15; 360; 4.4990; -340.826568; -0.621162; 801.762213; 0.0015659418; 38.803956; 0.0087056865;
15; 361; 4.5090; -340.826564; -0.620910; 801.624767; 0.0015656734; 38.770470; 0.0087019293;
15; 362; 4.5190; -340.826548; -0.621186; 800.753775; 0.0015639722; 38.756629; 0.0087003759;
15; 363; 4.5291; -340.826545; -0.620933; 800.616746; 0.0015637046; 38.723238; 0.0086966271;
15; 364; 4.5391; -340.826529; -0.621207; 799.747229; 0.0015620063; 38.709476; 0.0086950817;
15; 365; 4.5491; -340.826525; -0.620959; 799.611420; 0.0015617411; 38.676180; 0.0086913413;
15; 366; 4.5591; -340.826509; -0.621230; 798.745290; 0.0015600494; 38.662523; 0.0086898067;
15; 367; 4.5692; -340.826506; -0.620978; 798.611309; 0.0015597877; 38.629335; 0.0086860762;
15; 368; 4.5792; -340.826491; -0.621252; 797.746495; 0.0015580986; 38.615791; 0.0086845533;
15; 369; 4.5892; -340.826488; -0.621003; 797.613153; 0.0015578382; 38.582712; 0.0086808329;
15; 370; 4.5992; -340.826472; -0.621273; 796.751098; 0.0015561545; 38.569289; 0.0086793227;
15; 371; 4.6093; -340.826469; -0.621024; 796.618693; 0.0015558959; 38.536329; 0.0086756133;
15; 372; 4.6193; -340.826454; -0.621294; 795.758348; 0.0015542155; 38.523032; 0.0086741165;
15; 373; 4.6293; -340.826451; -0.621045; 795.627249; 0.0015539595; 38.490181; 0.0086704172;
15; 374; 4.6393; -340.826436; -0.621315; 794.768920; 0.0015522830; 38.477020; 0.0086689347;
15; 375; 4.6494; -340.826434; -0.621066; 794.638649; 0.0015520286; 38.444284; 0.0086652462;
15; 376; 4.6594; -340.826419; -0.621336; 793.781769; 0.0015503550; 38.431238; 0.0086637759;
15; 377; 4.6694; -340.826417; -0.621083; 793.653260; 0.0015501040; 38.398613; 0.0086600976;
15; 378; 4.6794; -340.826402; -0.621356; 792.797709; 0.0015484330; 38.385675; 0.0086586385;
15; 379; 4.6895; -340.826400; -0.621103; 792.670234; 0.0015481841; 38.353153; 0.0086549698;
15; 380; 4.6995; -340.826385; -0.621376; 791.816127; 0.0015465159; 38.340294; 0.0086535187;
15; 381; 4.7095; -340.826383; -0.621126; 791.689463; 0.0015462685; 38.307875; 0.0086498595;
15; 382; 4.7195; -340.826369; -0.621395; 790.837343; 0.0015446042; 38.295080; 0.0086484148;
15; 383; 4.7296; -340.826367; -0.621145; 790.711274; 0.0015443580; 38.262739; 0.0086447622;
15; 384; 4.7396; -340.826353; -0.621414; 789.860645; 0.0015426966; 38.249981; 0.0086433208;
15; 385; 4.7496; -340.826351; -0.621161; 789.736476; 0.0015424541; 38.217728; 0.0086396759;
15; 386; 4.7596; -340.826337; -0.621435; 788.887596; 0.0015407961; 38.204985; 0.0086382354;
15; 387; 4.7697; -340.826336; -0.621179; 788.763824; 0.0015405543; 38.172795; 0.0086345955;
15; 388; 4.7797; -340.826322; -0.621451; 787.916909; 0.0015389002; 38.160042; 0.0086331530;
15; 389; 4.7897; -340.826320; -0.621197; 787.794400; 0.0015386609; 38.127916; 0.0086295183;
15; 390; 4.7997; -340.826306; -0.621469; 786.949397; 0.0015370105; 38.115138; 0.0086280722;
15; 391; 4.8098; -340.826305; -0.621215; 786.828161; 0.0015367738; 38.083061; 0.0086244408;
15; 392; 4.8198; -340.826291; -0.621487; 785.985090; 0.0015351271; 38.070239; 0.0086229888;
15; 393; 4.8298; -340.826290; -0.621236; 785.864230; 0.0015348911; 38.038218; 0.0086193616;
15; 394; 4.8398; -340.826277; -0.621505; 785.022936; 0.0015332479; 38.025338; 0.0086179022;
15; 395; 4.8499; -340.826276; -0.621250; 784.903816; 0.0015330153; 37.993343; 0.0086142758;
15; 396; 4.8599; -340.826262; -0.621521; 784.063266; 0.0015313736; 37.980409; 0.0086128095;
15; 397; 4.8699; -340.826261; -0.621270; 783.944484; 0.0015311416; 37.948447; 0.0086091847;
15; 398; 4.8799; -340.826248; -0.621539; 783.105657; 0.0015295032; 37.935464; 0.0086077118;
15; 399; 4.8900; -340.826247; -0.621286; 782.988068; 0.0015292736; 37.903535; 0.0086040887;
15; 400; 4.9000; -340.826234; -0.621554; 782.151579; 0.0015276398; 37.890497; 0.0086026087;
