1; 1; 0.9000; -340.398846; -14.667662; 45.922389; 0.0000896922; 43.867319; 0.0092562604;
1; 2; 0.9100; -340.432213; -14.668711; 45.798275; 0.0000894498; 42.889100; 0.0091524736;
1; 3; 0.9201; -340.463584; -14.669642; 45.658556; 0.0000891769; 41.992687; 0.0090563219;
1; 4; 0.9301; -340.493077; -14.671025; 45.561778; 0.0000889878; 41.349238; 0.0089866696;
1; 5; 0.9401; -340.520810; -14.672193; 45.482120; 0.0000888323; 40.929142; 0.0089409021;
1; 6; 0.9501; -340.546853; -14.673461; 45.399451; 0.0000886708; 40.484810; 0.0088922379;
1; 7; 0.9602; -340.571317; -14.675034; 45.359338; 0.0000885925; 40.291386; 0.0088709703;
1; 8; 0.9702; -340.594278; -14.676595; 45.322525; 0.0000885206; 40.164879; 0.0088570328;
1; 9; 0.9802; -340.615820; -14.678011; 45.263459; 0.0000884052; 39.971315; 0.0088356649;
1; 10; 0.9902; -340.636025; -14.679757; 45.269066; 0.0000884161; 40.120708; 0.0088521612;
1; 11; 1.0003; -340.654960; -14.681270; 45.272524; 0.0000884229; 40.407114; 0.0088837011;
1; 12; 1.0103; -340.672697; -14.683093; 45.302113; 0.0000884807; 40.767105; 0.0089231862;
1; 13; 1.0203; -340.689301; -14.684659; 45.282032; 0.0000884415; 40.877911; 0.0089353046;
1; 14; 1.0303; -340.704840; -14.686466; 45.344166; 0.0000885628; 41.540372; 0.0090074157;
1; 15; 1.0404; -340.719361; -14.688106; 45.386932; 0.0000886464; 42.156061; 0.0090739218;
1; 16; 1.0504; -340.732927; -14.689822; 45.438012; 0.0000887461; 42.796297; 0.0091425663;
1; 17; 1.0604; -340.745589; -14.691559; 45.506186; 0.0000888793; 43.581844; 0.0092260929;
1; 18; 1.0704; -340.757405; -14.693397; 45.576758; 0.0000890171; 44.328458; 0.0093047847;
1; 19; 1.0805; -340.768407; -14.695059; 45.635166; 0.0000891312; 45.059975; 0.0093812453;
1; 20; 1.0905; -340.778647; -14.696762; 45.730379; 0.0000893171; 46.128393; 0.0094918132;
1; 21; 1.1005; -340.788168; -14.698459; 45.793461; 0.0000894404; 46.843295; 0.0095650829;
1; 22; 1.1105; -340.797016; -14.700214; 45.865481; 0.0000895810; 47.590298; 0.0096410477;
1; 23; 1.1206; -340.805216; -14.701808; 45.971429; 0.0000897879; 48.826848; 0.0097654973;
1; 24; 1.1306; -340.812810; -14.703444; 46.029153; 0.0000899007; 49.469614; 0.0098295646;
1; 25; 1.1406; -340.819832; -14.705043; 46.119503; 0.0000900772; 50.488192; 0.0099302443;
1; 26; 1.1506; -340.826316; -14.706620; 46.174862; 0.0000901853; 51.089745; 0.0099892271;
1; 27; 1.1607; -340.832297; -14.708195; 46.237699; 0.0000903080; 51.751978; 0.0100537596;
1; 28; 1.1707; -340.837791; -14.709663; 46.302628; 0.0000904348; 52.529190; 0.0101289721;
1; 29; 1.1807; -340.842833; -14.711122; 46.340368; 0.0000905085; 52.940711; 0.0101685705;
1; 30; 1.1907; -340.847450; -14.712556; 46.377361; 0.0000905808; 53.349898; 0.0102077921;
1; 31; 1.2008; -340.851665; -14.713935; 46.397655; 0.0000906204; 53.561301; 0.0102279967;
1; 32; 1.2108; -340.855503; -14.715274; 46.410015; 0.0000906446; 53.688679; 0.0102401514;
1; 33; 1.2208; -340.858986; -14.716589; 46.409311; 0.0000906432; 53.668612; 0.0102382375;
1; 34; 1.2308; -340.862135; -14.717825; 46.398219; 0.0000906215; 53.533350; 0.0102253276;
1; 35; 1.2409; -340.864969; -14.719026; 46.375528; 0.0000905772; 53.271982; 0.0102003353;
1; 36; 1.2509; -340.867508; -14.720114; 46.343279; 0.0000905142; 52.898724; 0.0101645374;
1; 37; 1.2609; -340.869771; -14.721275; 46.299686; 0.0000904291; 52.419619; 0.0101184024;
1; 38; 1.2709; -340.871774; -14.722338; 46.247499; 0.0000903271; 51.847408; 0.0100630249;
1; 39; 1.2810; -340.873534; -14.723318; 46.187410; 0.0000902098; 51.193722; 0.0099993869;
1; 40; 1.2910; -340.875066; -14.724277; 46.119968; 0.0000900781; 50.471959; 0.0099286477;
1; 41; 1.3010; -340.876385; -14.725172; 46.046643; 0.0000899348; 49.695424; 0.0098519732;
1; 42; 1.3110; -340.877506; -14.726023; 45.968169; 0.0000897816; 48.876262; 0.0097704375;
1; 43; 1.3211; -340.878441; -14.726788; 45.886022; 0.0000896211; 48.025880; 0.0096850683;
1; 44; 1.3311; -340.879204; -14.727517; 45.801012; 0.0000894551; 47.157588; 0.0095971175;
1; 45; 1.3411; -340.879807; -14.728188; 45.714352; 0.0000892858; 46.281611; 0.0095075639;
1; 46; 1.3511; -340.880261; -14.728814; 45.626941; 0.0000891151; 45.407222; 0.0094173234;
1; 47; 1.3612; -340.880576; -14.729361; 45.539489; 0.0000889443; 44.540516; 0.0093270143;
1; 48; 1.3712; -340.880765; -14.729860; 45.453064; 0.0000887755; 43.692595; 0.0092378082;
1; 49; 1.3812; -340.880835; -14.730320; 45.368389; 0.0000886101; 42.868369; 0.0091502614;
1; 50; 1.3912; -340.880797; -14.730702; 45.286211; 0.0000884496; 42.073735; 0.0090650573;
1; 51; 1.4013; -340.880660; -14.731016; 45.207464; 0.0000882958; 41.314879; 0.0089829351;
1; 52; 1.4113; -340.880431; -14.731278; 45.132523; 0.0000881495; 40.595473; 0.0089043828;
1; 53; 1.4213; -340.880119; -14.731479; 45.062133; 0.0000880120; 39.919808; 0.0088299703;
1; 54; 1.4313; -340.879731; -14.731630; 44.996407; 0.0000878836; 39.290577; 0.0087601032;
1; 55; 1.4414; -340.879275; -14.731709; 44.936411; 0.0000877664; 38.710353; 0.0086951802;
1; 56; 1.4514; -340.878757; -14.731731; 44.882180; 0.0000876605; 38.181179; 0.0086355437;
1; 57; 1.4614; -340.878183; -14.731688; 44.834116; 0.0000875666; 37.704223; 0.0085814370;
1; 58; 1.4714; -340.877560; -14.731588; 44.792467; 0.0000874853; 37.280549; 0.0085330869;
1; 59; 1.4815; -340.876893; -14.731430; 44.757597; 0.0000874172; 36.911015; 0.0084906905;
1; 60; 1.4915; -340.876188; -14.731201; 44.729804; 0.0000873629; 36.595423; 0.0084543146;
1; 61; 1.5015; -340.875449; -14.730926; 44.708687; 0.0000873217; 36.333818; 0.0084240423;
1; 62; 1.5115; -340.874681; -14.730585; 44.694851; 0.0000872946; 36.125689; 0.0083998801;
1; 63; 1.5216; -340.873889; -14.730172; 44.689576; 0.0000872843; 35.970313; 0.0083817968;
1; 64; 1.5316; -340.873077; -14.729732; 44.689111; 0.0000872834; 35.866809; 0.0083697288;
1; 65; 1.5416; -340.872248; -14.729216; 44.697104; 0.0000872990; 35.814097; 0.0083635762;
1; 66; 1.5516; -340.871406; -14.728640; 44.712035; 0.0000873282; 35.810706; 0.0083631804;
1; 67; 1.5617; -340.870555; -14.728007; 44.734065; 0.0000873712; 35.854843; 0.0083683326;
1; 68; 1.5717; -340.869696; -14.727319; 44.762520; 0.0000874268; 35.944721; 0.0083788146;
1; 69; 1.5817; -340.868834; -14.726578; 44.797612; 0.0000874953; 36.078447; 0.0083943860;
1; 70; 1.5917; -340.867970; -14.725782; 44.839123; 0.0000875764; 36.253719; 0.0084147516;
1; 71; 1.6018; -340.867108; -14.724934; 44.886654; 0.0000876692; 36.467794; 0.0084395592;
1; 72; 1.6118; -340.866249; -14.724036; 44.940085; 0.0000877736; 36.718384; 0.0084685059;
1; 73; 1.6218; -340.865395; -14.723244; 44.980829; 0.0000878532; 37.001905; 0.0085011379;
1; 74; 1.6318; -340.864547; -14.722091; 45.063597; 0.0000880148; 37.317337; 0.0085372960;
1; 75; 1.6419; -340.863709; -14.721047; 45.133108; 0.0000881506; 37.659599; 0.0085763573;
1; 76; 1.6519; -340.862880; -14.719959; 45.207325; 0.0000882956; 38.025665; 0.0086179392;
1; 77; 1.6619; -340.862063; -14.718825; 45.285788; 0.0000884488; 38.412596; 0.0086616743;
1; 78; 1.6719; -340.861258; -14.717651; 45.368188; 0.0000886097; 38.816161; 0.0087070554;
1; 79; 1.6820; -340.860466; -14.716436; 45.454232; 0.0000887778; 39.232936; 0.0087536751;
1; 80; 1.6920; -340.859688; -14.715185; 45.543657; 0.0000889525; 39.659085; 0.0088010881;
1; 81; 1.7020; -340.858925; -14.713895; 45.635770; 0.0000891324; 40.089890; 0.0088487607;
1; 82; 1.7120; -340.858178; -14.712581; 45.728931; 0.0000893143; 40.521919; 0.0088963124;
1; 83; 1.7221; -340.857446; -14.711219; 45.827378; 0.0000895066; 40.951436; 0.0089433368;
1; 84; 1.7321; -340.856730; -14.709834; 45.925974; 0.0000896992; 41.373931; 0.0089893526;
1; 85; 1.7421; -340.856032; -14.708422; 46.025252; 0.0000898931; 41.783879; 0.0090337777;
1; 86; 1.7521; -340.855349; -14.706981; 46.127305; 0.0000900924; 42.182309; 0.0090767462;
1; 87; 1.7622; -340.854684; -14.705518; 46.229276; 0.0000902916; 42.560086; 0.0091173004;
1; 88; 1.7722; -340.854035; -14.704034; 46.331816; 0.0000904918; 42.915438; 0.0091552834;
1; 89; 1.7822; -340.853404; -14.702529; 46.434884; 0.0000906931; 43.244832; 0.0091903516;
1; 90; 1.7922; -340.852789; -14.701007; 46.538171; 0.0000908949; 43.544472; 0.0092221362;
1; 91; 1.8023; -340.852192; -14.699468; 46.641669; 0.0000910970; 43.811316; 0.0092503500;
1; 92; 1.8123; -340.851610; -14.697916; 46.745043; 0.0000912989; 44.042512; 0.0092747254;
1; 93; 1.8223; -340.851046; -14.696351; 46.848542; 0.0000915011; 44.235408; 0.0092950138;
1; 94; 1.8323; -340.850497; -14.694776; 46.951632; 0.0000917024; 44.387626; 0.0093109926;
1; 95; 1.8424; -340.849965; -14.693193; 47.054840; 0.0000919040; 44.497332; 0.0093224917;
1; 96; 1.8524; -340.849448; -14.691603; 47.158024; 0.0000921055; 44.562949; 0.0093293628;
1; 97; 1.8624; -340.848947; -14.690007; 47.262010; 0.0000923086; 44.583321; 0.0093314950;
1; 98; 1.8724; -340.848461; -14.688408; 47.366258; 0.0000925122; 44.557721; 0.0093288155;
1; 99; 1.8825; -340.847989; -14.686805; 47.471904; 0.0000927186; 44.485781; 0.0093212816;
1; 100; 1.8925; -340.847532; -14.685203; 47.578612; 0.0000929270; 44.367699; 0.0093089023;
1; 101; 1.9025; -340.847089; -14.683602; 47.686970; 0.0000931386; 44.204296; 0.0092917445;
1; 102; 1.9125; -340.846659; -14.682001; 47.798452; 0.0000933564; 43.996306; 0.0092698590;
1; 103; 1.9226; -340.846243; -14.680404; 47.912956; 0.0000935800; 43.745341; 0.0092433824;
1; 104; 1.9326; -340.845840; -14.678812; 48.031055; 0.0000938107; 43.453710; 0.0092125202;
1; 105; 1.9426; -340.845450; -14.677224; 48.154566; 0.0000940519; 43.123698; 0.0091774709;
1; 106; 1.9526; -340.845071; -14.675642; 48.283043; 0.0000943028; 42.757906; 0.0091384646;
1; 107; 1.9627; -340.844705; -14.674069; 48.417856; 0.0000945661; 42.360458; 0.0090958930;
1; 108; 1.9727; -340.844350; -14.672504; 48.559085; 0.0000948420; 41.933970; 0.0090499882;
1; 109; 1.9827; -340.844006; -14.670947; 48.710613; 0.0000951379; 41.482449; 0.0090011337;
1; 110; 1.9927; -340.843673; -14.669401; 48.869972; 0.0000954492; 41.010498; 0.0089497838;
1; 111; 2.0028; -340.843350; -14.667866; 49.039954; 0.0000957812; 40.521965; 0.0088963173;
1; 112; 2.0128; -340.843037; -14.666343; 49.222204; 0.0000961371; 40.022590; 0.0088413303;
1; 113; 2.0228; -340.842735; -14.664831; 49.418248; 0.0000965200; 39.515869; 0.0087851825;
1; 114; 2.0328; -340.842441; -14.663332; 49.628045; 0.0000969298; 39.007225; 0.0087284584;
1; 115; 2.0429; -340.842156; -14.661847; 49.852955; 0.0000973691; 38.501621; 0.0086717056;
1; 116; 2.0529; -340.841880; -14.660375; 50.096311; 0.0000978444; 38.003842; 0.0086154660;
1; 117; 2.0629; -340.841613; -14.658917; 50.356230; 0.0000983520; 37.518992; 0.0085603318;
1; 118; 2.0729; -340.841353; -14.657474; 50.636032; 0.0000988985; 37.051692; 0.0085068552;
1; 119; 2.0830; -340.841102; -14.656047; 50.934901; 0.0000994822; 36.606434; 0.0084555864;
1; 120; 2.0930; -340.840857; -14.654634; 51.254887; 0.0001001072; 36.188243; 0.0084071495;
1; 121; 2.1030; -340.840620; -14.653239; 51.593937; 0.0001007694; 35.800922; 0.0083620378;
1; 122; 2.1130; -340.840390; -14.651859; 51.954763; 0.0001014741; 35.449097; 0.0083208484;
1; 123; 2.1231; -340.840167; -14.650496; 52.333935; 0.0001022147; 35.136754; 0.0082841096;
1; 124; 2.1331; -340.839949; -14.649149; 52.731980; 0.0001029921; 34.867684; 0.0082523296;
1; 125; 2.1431; -340.839738; -14.647824; 53.147228; 0.0001038032; 34.644329; 0.0082258559;
1; 126; 2.1531; -340.839533; -14.646512; 53.572258; 0.0001046333; 34.471118; 0.0082052668;
1; 127; 2.1632; -340.839334; -14.645218; 54.008371; 0.0001054851; 34.351488; 0.0081910164;
1; 128; 2.1732; -340.839139; -14.643940; 54.441050; 0.0001063302; 34.286593; 0.0081832758;
1; 129; 2.1832; -340.838950; -14.642685; 54.888729; 0.0001072045; 34.279320; 0.0081824077;
1; 130; 2.1932; -340.838766; -14.641444; 55.322304; 0.0001080514; 34.330768; 0.0081885457;
1; 131; 2.2033; -340.838587; -14.640222; 55.741814; 0.0001088707; 34.441519; 0.0082017432;
1; 132; 2.2133; -340.838412; -14.639018; 56.138743; 0.0001096460; 34.611810; 0.0082219944;
1; 133; 2.2233; -340.838242; -14.637833; 56.506431; 0.0001103641; 34.841308; 0.0082492078;
1; 134; 2.2333; -340.838075; -14.636666; 56.836771; 0.0001110093; 35.128261; 0.0082831084;
1; 135; 2.2434; -340.837913; -14.635517; 57.126226; 0.0001115747; 35.471204; 0.0083234426;
1; 136; 2.2534; -340.837754; -14.634386; 57.371080; 0.0001120529; 35.867450; 0.0083698037;
1; 137; 2.2634; -340.837600; -14.633272; 57.571386; 0.0001124441; 36.314560; 0.0084218095;
1; 138; 2.2734; -340.837448; -14.632177; 57.728598; 0.0001127512; 36.808543; 0.0084788965;
1; 139; 2.2835; -340.837300; -14.631098; 57.843273; 0.0001129751; 37.346393; 0.0085406191;
1; 140; 2.2935; -340.837155; -14.630036; 57.914323; 0.0001131139; 37.924287; 0.0086064437;
1; 141; 2.3035; -340.837013; -14.628991; 57.944997; 0.0001131738; 38.539319; 0.0086759499;
1; 142; 2.3135; -340.836874; -14.627962; 57.940861; 0.0001131657; 39.187370; 0.0087485903;
1; 143; 2.3236; -340.836738; -14.626950; 57.906689; 0.0001130990; 39.865933; 0.0088240099;
1; 144; 2.3336; -340.836604; -14.625952; 57.848159; 0.0001129847; 40.571659; 0.0089017707;
1; 145; 2.3436; -340.836473; -14.624970; 57.764904; 0.0001128221; 41.301842; 0.0089815177;
1; 146; 2.3536; -340.836344; -14.624002; 57.668555; 0.0001126339; 42.054096; 0.0090629414;
1; 147; 2.3637; -340.836220; -14.622883; 57.414810; 0.0001121383; 42.627851; 0.0091245560;
1; 148; 2.3737; -340.836093; -14.621838; 57.173892; 0.0001116678; 43.263359; 0.0091923201;
1; 149; 2.3837; -340.835968; -14.620842; 56.984610; 0.0001112981; 43.948817; 0.0092648547;
1; 150; 2.3937; -340.835845; -14.619886; 56.800087; 0.0001109377; 44.672544; 0.0093408277;
1; 151; 2.4038; -340.835724; -14.618958; 56.636090; 0.0001106174; 45.425377; 0.0094192059;
1; 152; 2.4138; -340.835606; -14.618054; 56.489110; 0.0001103303; 46.200013; 0.0094991790;
1; 153; 2.4238; -340.835490; -14.617171; 56.349042; 0.0001100567; 46.989045; 0.0095799519;
1; 154; 2.4338; -340.835375; -14.616308; 56.208218; 0.0001097817; 47.805158; 0.0096627869;
1; 155; 2.4439; -340.835262; -14.615461; 56.085387; 0.0001095418; 48.622716; 0.0097450624;
1; 156; 2.4539; -340.835151; -14.614628; 55.969416; 0.0001093153; 49.437891; 0.0098264124;
1; 157; 2.4639; -340.835062; -14.614081; 56.172054; 0.0001097110; 50.584064; 0.0099396680;
1; 158; 2.4739; -340.834952; -14.613181; 55.964178; 0.0001093050; 51.323253; 0.0100120292;
1; 159; 2.4840; -340.834841; -14.612327; 55.786469; 0.0001089579; 52.025276; 0.0100802712;
1; 160; 2.4940; -340.834733; -14.611503; 55.634802; 0.0001086617; 52.705553; 0.0101459614;
1; 161; 2.5040; -340.834627; -14.610703; 55.499341; 0.0001083971; 53.362080; 0.0102089575;
1; 162; 2.5140; -340.834539; -14.610088; 55.571770; 0.0001085386; 53.951770; 0.0102652107;
1; 163; 2.5241; -340.834435; -14.609269; 55.364942; 0.0001081347; 54.616800; 0.0103282834;
1; 164; 2.5341; -340.834331; -14.608479; 55.209711; 0.0001078315; 55.148554; 0.0103784401;
1; 165; 2.5441; -340.834229; -14.607715; 55.050726; 0.0001075209; 55.590454; 0.0104199379;
1; 166; 2.5541; -340.834145; -14.607127; 55.027182; 0.0001074750; 55.715926; 0.0104316905;
1; 167; 2.5642; -340.834046; -14.606345; 54.856149; 0.0001071409; 56.159068; 0.0104730931;
1; 168; 2.5742; -340.833946; -14.605595; 54.681758; 0.0001068003; 56.392472; 0.0104948343;
1; 169; 2.5842; -340.833848; -14.604869; 54.510763; 0.0001064663; 56.488029; 0.0105037223;
1; 170; 2.5942; -340.833769; -14.604310; 54.419386; 0.0001062879; 56.014204; 0.0104595766;
1; 171; 2.6043; -340.833673; -14.603568; 54.235093; 0.0001059279; 56.128174; 0.0104702120;
1; 172; 2.6143; -340.833577; -14.602856; 54.041153; 0.0001055491; 55.976031; 0.0104560120;
1; 173; 2.6243; -340.833483; -14.602166; 53.847979; 0.0001051718; 55.660533; 0.0104265037;
1; 174; 2.6343; -340.833408; -14.601627; 53.734081; 0.0001049494; 54.584977; 0.0103252740;
1; 175; 2.6444; -340.833316; -14.600928; 53.501925; 0.0001044959; 54.344848; 0.0103025377;
1; 176; 2.6544; -340.833223; -14.600251; 53.292241; 0.0001040864; 53.822263; 0.0102528829;
1; 177; 2.6644; -340.833133; -14.599596; 53.082255; 0.0001036763; 53.148131; 0.0101884711;
1; 178; 2.6744; -340.833062; -14.599079; 52.933468; 0.0001033857; 51.652809; 0.0100441223;
1; 179; 2.6845; -340.832973; -14.598417; 52.697064; 0.0001029240; 51.130407; 0.0099932015;
1; 180; 2.6945; -340.832884; -14.597773; 52.477963; 0.0001024960; 50.366908; 0.0099183097;
1; 181; 2.7045; -340.832812; -14.597252; 52.310906; 0.0001021697; 48.840806; 0.0097668930;
1; 182; 2.7145; -340.832725; -14.596613; 52.085413; 0.0001017293; 48.196599; 0.0097022669;
1; 183; 2.7246; -340.832638; -14.595991; 51.881198; 0.0001013305; 47.357415; 0.0096174296;
1; 184; 2.7346; -340.832568; -14.595485; 51.709207; 0.0001009945; 45.848755; 0.0094629990;
1; 185; 2.7446; -340.832484; -14.594869; 51.498557; 0.0001005831; 45.168356; 0.0093925207;
1; 186; 2.7546; -340.832399; -14.594271; 51.307462; 0.0001002099; 44.340503; 0.0093060488;
1; 187; 2.7647; -340.832331; -14.593776; 51.161308; 0.0000999244; 42.940653; 0.0091579726;
1; 188; 2.7747; -340.832249; -14.593184; 50.965907; 0.0000995428; 42.291503; 0.0090884867;
1; 189; 2.7847; -340.832166; -14.592609; 50.777015; 0.0000991739; 41.538830; 0.0090072486;
1; 190; 2.7947; -340.832102; -14.592127; 50.659702; 0.0000989447; 40.316661; 0.0088737522;
1; 191; 2.8048; -340.832022; -14.591557; 50.480357; 0.0000985944; 39.743644; 0.0088104656;
1; 192; 2.8148; -340.831941; -14.591001; 50.321959; 0.0000982851; 39.099698; 0.0087387984;
1; 193; 2.8248; -340.831879; -14.590534; 50.222288; 0.0000980904; 38.103383; 0.0086267416;
1; 194; 2.8348; -340.831801; -14.589981; 50.083232; 0.0000978188; 37.633623; 0.0085733989;
1; 195; 2.8449; -340.831722; -14.589445; 49.945316; 0.0000975494; 37.125816; 0.0085153602;
1; 196; 2.8549; -340.831662; -14.588987; 49.880739; 0.0000974233; 36.378066; 0.0084291702;
1; 197; 2.8649; -340.831586; -14.588457; 49.754423; 0.0000971766; 36.033414; 0.0083891455;
1; 198; 2.8749; -340.831510; -14.587936; 49.657973; 0.0000969882; 35.675899; 0.0083474242;
1; 199; 2.8850; -340.831452; -14.587490; 49.620308; 0.0000969147; 35.191680; 0.0082905821;
1; 200; 2.8950; -340.831379; -14.586979; 49.516488; 0.0000967119; 34.981547; 0.0082657930;
1; 201; 2.9050; -340.831304; -14.586476; 49.437686; 0.0000965580; 34.782917; 0.0082422924;
1; 202; 2.9150; -340.831249; -14.586039; 49.444267; 0.0000965708; 34.569189; 0.0082169305;
1; 203; 2.9251; -340.831177; -14.585545; 49.367717; 0.0000964213; 34.497808; 0.0082084426;
1; 204; 2.9351; -340.831105; -14.585058; 49.323000; 0.0000963340; 34.461815; 0.0082041594;
1; 205; 2.9451; -340.831052; -14.584635; 49.335195; 0.0000963578; 34.514640; 0.0082104449;
1; 206; 2.9551; -340.830982; -14.584155; 49.297179; 0.0000962836; 34.584118; 0.0082187046;
1; 207; 2.9652; -340.830912; -14.583685; 49.270120; 0.0000962307; 34.706114; 0.0082331876;
1; 208; 2.9752; -340.830861; -14.583267; 49.339253; 0.0000963657; 35.029169; 0.0082714174;
1; 209; 2.9852; -340.830793; -14.582805; 49.317565; 0.0000963234; 35.231095; 0.0082952234;
1; 210; 2.9952; -340.830725; -14.582350; 49.310346; 0.0000963093; 35.504662; 0.0083273671;
1; 211; 3.0053; -340.830676; -14.581943; 49.389685; 0.0000964642; 36.078238; 0.0083943618;
1; 212; 3.0153; -340.830610; -14.581496; 49.389543; 0.0000964640; 36.402283; 0.0084319754;
1; 213; 3.0253; -340.830543; -14.581056; 49.399410; 0.0000964832; 36.813616; 0.0084794807;
1; 214; 3.0353; -340.830497; -14.580657; 49.496841; 0.0000966735; 37.619752; 0.0085718188;
1; 215; 3.0454; -340.830433; -14.580225; 49.509429; 0.0000966981; 38.045567; 0.0086201942;
1; 216; 3.0554; -340.830368; -14.579800; 49.516415; 0.0000967117; 38.568614; 0.0086792468;
1; 217; 3.0654; -340.830323; -14.579407; 49.637852; 0.0000969489; 39.583364; 0.0087926821;
1; 218; 3.0754; -340.830261; -14.578989; 49.653953; 0.0000969804; 40.083999; 0.0088481106;
1; 219; 3.0855; -340.830198; -14.578575; 49.679059; 0.0000970294; 40.702173; 0.0089160771;
1; 220; 3.0955; -340.830156; -14.578191; 49.788274; 0.0000972427; 41.885634; 0.0090447708;
1; 221; 3.1055; -340.830096; -14.577786; 49.811052; 0.0000972872; 42.436561; 0.0091040600;
1; 222; 3.1155; -340.830034; -14.577385; 49.831279; 0.0000973267; 43.118673; 0.0091769362;
1; 223; 3.1256; -340.829994; -14.577008; 49.936813; 0.0000975328; 44.450906; 0.0093176271;
1; 224; 3.1356; -340.829936; -14.576617; 49.949776; 0.0000975582; 45.019413; 0.0093770219;
1; 225; 3.1456; -340.829876; -14.576227; 49.972720; 0.0000976030; 45.742163; 0.0094519925;
1; 226; 3.1556; -340.829838; -14.575858; 50.060344; 0.0000977741; 47.194458; 0.0096008685;
1; 227; 3.1657; -340.829781; -14.575476; 50.081241; 0.0000978149; 47.745512; 0.0096567569;
1; 228; 3.1757; -340.829724; -14.575097; 50.099568; 0.0000978507; 48.467664; 0.0097295121;
1; 229; 3.1857; -340.829687; -14.574732; 50.188237; 0.0000980239; 49.990963; 0.0098812246;
1; 230; 3.1957; -340.829633; -14.574366; 50.181025; 0.0000980098; 50.459998; 0.0099274711;
1; 231; 3.2058; -340.829577; -14.573996; 50.196931; 0.0000980409; 51.113806; 0.0099915791;
1; 232; 3.2158; -340.829542; -14.573637; 50.276076; 0.0000981955; 52.600658; 0.0101358602;
1; 233; 3.2258; -340.829489; -14.573281; 50.260098; 0.0000981643; 52.902146; 0.0101648662;
1; 234; 3.2358; -340.829435; -14.572923; 50.254314; 0.0000981530; 53.394635; 0.0102120711;
1; 235; 3.2459; -340.829403; -14.572571; 50.299774; 0.0000982417; 54.695516; 0.0103357235;
1; 236; 3.2559; -340.829351; -14.572224; 50.269549; 0.0000981827; 54.736240; 0.0103395705;
1; 237; 3.2659; -340.829299; -14.571875; 50.250557; 0.0000981456; 54.966389; 0.0103612851;
1; 238; 3.2759; -340.829268; -14.571530; 50.263342; 0.0000981706; 55.911578; 0.0104499905;
1; 239; 3.2860; -340.829219; -14.571193; 50.214172; 0.0000980746; 55.630719; 0.0104237108;
1; 240; 3.2960; -340.829168; -14.570854; 50.164646; 0.0000979778; 55.540291; 0.0104152355;
1; 241; 3.3060; -340.829139; -14.570514; 50.140288; 0.0000979302; 56.004832; 0.0104587015;
1; 242; 3.3160; -340.829091; -14.570187; 50.073300; 0.0000977994; 55.409515; 0.0104029664;
1; 243; 3.3261; -340.829042; -14.569859; 49.997412; 0.0000976512; 55.001080; 0.0103645542;
1; 244; 3.3361; -340.829014; -14.569522; 49.938631; 0.0000975364; 54.964162; 0.0103610752;
1; 245; 3.3461; -340.828968; -14.569206; 49.849278; 0.0000973619; 54.130066; 0.0102821586;
1; 246; 3.3561; -340.828921; -14.568886; 49.756166; 0.0000971800; 53.468551; 0.0102191371;
1; 247; 3.3662; -340.828895; -14.568556; 49.659217; 0.0000969907; 53.007617; 0.0101749940;
1; 248; 3.3762; -340.828850; -14.568248; 49.562500; 0.0000968018; 52.038824; 0.0100815836;
1; 249; 3.3862; -340.828804; -14.567936; 49.460970; 0.0000966035; 51.221521; 0.0100021015;
1; 250; 3.3962; -340.828780; -14.567613; 49.339563; 0.0000963663; 50.462348; 0.0099277023;
1; 251; 3.4063; -340.828736; -14.567313; 49.237110; 0.0000961662; 49.461559; 0.0098287643;
1; 252; 3.4163; -340.828692; -14.567009; 49.136624; 0.0000959700; 48.581554; 0.0097409367;
1; 253; 3.4263; -340.828669; -14.566689; 49.002669; 0.0000957083; 47.652119; 0.0096473077;
1; 254; 3.4363; -340.828627; -14.566398; 48.900349; 0.0000955085; 46.691403; 0.0095495626;
1; 255; 3.4464; -340.828598; -14.566085; 48.773007; 0.0000952598; 45.717021; 0.0094493945;
1; 256; 3.4564; -340.828557; -14.565798; 48.683380; 0.0000950847; 44.822199; 0.0093564607;
1; 257; 3.4664; -340.828529; -14.565488; 48.557741; 0.0000948393; 43.865331; 0.0092560507;
1; 258; 3.4764; -340.828489; -14.565206; 48.469492; 0.0000946670; 43.029757; 0.0091674694;
1; 259; 3.4865; -340.828461; -14.564900; 48.346427; 0.0000944266; 42.092950; 0.0090671271;
1; 260; 3.4965; -340.828422; -14.564622; 48.265943; 0.0000942694; 41.320297; 0.0089835241;
1; 261; 3.5065; -340.828395; -14.564319; 48.145450; 0.0000940341; 40.421734; 0.0088853081;
1; 262; 3.5165; -340.828357; -14.564047; 48.073201; 0.0000938930; 39.716624; 0.0088074702;
1; 263; 3.5266; -340.828331; -14.563747; 47.957548; 0.0000936671; 38.870428; 0.0087131397;
1; 264; 3.5366; -340.828294; -14.563479; 47.893216; 0.0000935414; 38.234848; 0.0086416109;
1; 265; 3.5466; -340.828269; -14.563182; 47.785663; 0.0000933314; 37.450825; 0.0085525519;
1; 266; 3.5566; -340.828233; -14.562919; 47.725813; 0.0000932145; 36.886208; 0.0084878369;
1; 267; 3.5667; -340.828209; -14.562625; 47.626143; 0.0000930198; 36.172360; 0.0084053043;
1; 268; 3.5767; -340.828173; -14.562365; 47.581071; 0.0000929318; 35.677956; 0.0083476648;
1; 269; 3.5867; -340.828150; -14.562074; 47.494611; 0.0000927629; 35.040859; 0.0082727975;
1; 270; 3.5967; -340.828115; -14.561819; 47.454177; 0.0000926839; 34.616258; 0.0082225226;
1; 271; 3.6068; -340.828093; -14.561531; 47.375088; 0.0000925295; 34.058518; 0.0081560126;
1; 272; 3.6168; -340.828059; -14.561281; 47.341367; 0.0000924636; 33.701608; 0.0081131654;
1; 273; 3.6268; -340.828037; -14.560996; 47.275374; 0.0000923347; 33.226196; 0.0080557380;
1; 274; 3.6368; -340.828004; -14.560750; 47.250888; 0.0000922869; 32.935522; 0.0080204234;
1; 275; 3.6469; -340.827983; -14.560468; 47.192459; 0.0000921728; 32.541423; 0.0079722936;
1; 276; 3.6569; -340.827950; -14.560226; 47.176555; 0.0000921417; 32.314617; 0.0079444626;
1; 277; 3.6669; -340.827930; -14.559947; 47.127016; 0.0000920450; 32.000462; 0.0079057512;
1; 278; 3.6769; -340.827898; -14.559708; 47.120789; 0.0000920328; 31.835236; 0.0078853151;
1; 279; 3.6870; -340.827878; -14.559433; 47.075788; 0.0000919449; 31.596026; 0.0078556342;
1; 280; 3.6970; -340.827847; -14.559198; 47.074259; 0.0000919419; 31.486172; 0.0078419659;
1; 281; 3.7070; -340.827828; -14.558924; 47.038061; 0.0000918712; 31.317491; 0.0078209318;
1; 282; 3.7170; -340.827797; -14.558693; 47.043378; 0.0000918816; 31.258528; 0.0078135659;
1; 283; 3.7271; -340.827779; -14.558423; 47.007625; 0.0000918118; 31.146886; 0.0077996001;
1; 284; 3.7371; -340.827749; -14.558195; 47.013217; 0.0000918227; 31.127290; 0.0077971461;
1; 285; 3.7471; -340.827732; -14.557927; 46.981207; 0.0000917602; 31.063898; 0.0077892025;
1; 286; 3.7571; -340.827702; -14.557703; 46.988599; 0.0000917746; 31.075197; 0.0077906190;
1; 287; 3.7672; -340.827685; -14.557438; 46.952785; 0.0000917047; 31.043196; 0.0077866066;
1; 288; 3.7772; -340.827656; -14.557216; 46.959096; 0.0000917170; 31.074426; 0.0077905224;
1; 289; 3.7872; -340.827640; -14.556954; 46.917735; 0.0000916362; 31.063715; 0.0077891795;
1; 290; 3.7972; -340.827611; -14.556735; 46.921989; 0.0000916445; 31.107352; 0.0077946487;
1; 291; 3.8073; -340.827596; -14.556475; 46.875982; 0.0000915547; 31.115323; 0.0077956472;
1; 292; 3.8173; -340.827568; -14.556259; 46.876288; 0.0000915553; 31.167316; 0.0078021577;
1; 293; 3.8273; -340.827553; -14.556002; 46.824585; 0.0000914543; 31.196761; 0.0078058423;
1; 294; 3.8373; -340.827526; -14.555789; 46.822832; 0.0000914508; 31.260514; 0.0078138142;
1; 295; 3.8474; -340.827511; -14.555532; 46.775931; 0.0000913592; 31.326410; 0.0078220454;
1; 296; 3.8574; -340.827484; -14.555322; 46.773795; 0.0000913551; 31.408186; 0.0078322483;
1; 297; 3.8674; -340.827470; -14.555069; 46.724984; 0.0000912597; 31.516736; 0.0078457711;
1; 298; 3.8774; -340.827444; -14.554862; 46.721828; 0.0000912536; 31.622614; 0.0078589388;
1; 299; 3.8875; -340.827431; -14.554610; 46.680856; 0.0000911735; 31.788028; 0.0078794664;
1; 300; 3.8975; -340.827405; -14.554405; 46.681286; 0.0000911744; 31.925992; 0.0078965469;
1; 301; 3.9075; -340.827392; -14.554156; 46.648222; 0.0000911098; 32.153065; 0.0079245791;
1; 302; 3.9175; -340.827367; -14.553953; 46.655151; 0.0000911233; 32.328010; 0.0079461088;
1; 303; 3.9276; -340.827354; -14.553706; 46.630007; 0.0000910742; 32.618914; 0.0079817802;
1; 304; 3.9376; -340.827330; -14.553506; 46.637089; 0.0000910881; 32.830788; 0.0080076609;
1; 305; 3.9476; -340.827318; -14.553261; 46.623052; 0.0000910606; 33.184711; 0.0080507074;
1; 306; 3.9576; -340.827294; -14.553064; 46.640680; 0.0000910951; 33.436680; 0.0080812137;
1; 307; 3.9677; -340.827282; -14.552821; 46.632577; 0.0000910793; 33.849135; 0.0081309035;
1; 308; 3.9777; -340.827258; -14.552627; 46.655814; 0.0000911246; 34.139057; 0.0081656504;
1; 309; 3.9877; -340.827247; -14.552386; 46.659618; 0.0000911321; 34.605459; 0.0082212400;
1; 310; 3.9977; -340.827224; -14.552194; 46.689367; 0.0000911902; 34.931400; 0.0082598663;
1; 311; 4.0078; -340.827213; -14.551956; 46.701638; 0.0000912141; 35.443660; 0.0083202103;
1; 312; 4.0178; -340.827190; -14.551767; 46.736535; 0.0000912823; 35.802881; 0.0083622666;
1; 313; 4.0278; -340.827180; -14.551530; 46.756854; 0.0000913220; 36.352056; 0.0084261562;
1; 314; 4.0378; -340.827157; -14.551344; 46.796021; 0.0000913985; 36.740812; 0.0084710919;
1; 315; 4.0479; -340.827147; -14.551109; 46.826782; 0.0000914586; 37.315634; 0.0085371013;
1; 316; 4.0579; -340.827125; -14.550925; 46.869093; 0.0000915412; 37.728866; 0.0085842409;
1; 317; 4.0679; -340.827115; -14.550693; 46.903505; 0.0000916084; 38.317866; 0.0086509874;
1; 318; 4.0779; -340.827093; -14.550510; 46.951357; 0.0000917019; 38.749200; 0.0086995420;
1; 319; 4.0880; -340.827084; -14.550280; 46.990899; 0.0000917791; 39.337927; 0.0087653802;
1; 320; 4.0980; -340.827062; -14.550100; 47.040477; 0.0000918759; 39.781171; 0.0088146242;
1; 321; 4.1080; -340.827053; -14.549871; 47.082086; 0.0000919572; 40.355372; 0.0088780114;
1; 322; 4.1180; -340.827032; -14.549693; 47.134112; 0.0000920588; 40.801982; 0.0089270024;
1; 323; 4.1281; -340.827023; -14.549466; 47.176332; 0.0000921413; 41.345549; 0.0089862687;
1; 324; 4.1381; -340.827002; -14.549290; 47.230381; 0.0000922468; 41.786683; 0.0090340808;
1; 325; 4.1481; -340.826994; -14.549064; 47.270168; 0.0000923245; 42.284409; 0.0090877244;
1; 326; 4.1581; -340.826973; -14.548893; 47.308372; 0.0000923992; 42.716670; 0.0091340569;
1; 327; 4.1682; -340.826965; -14.548666; 47.359910; 0.0000924998; 43.146530; 0.0091799002;
1; 328; 4.1782; -340.826945; -14.548497; 47.396624; 0.0000925715; 43.554130; 0.0092231589;
1; 329; 4.1882; -340.826937; -14.548272; 47.444200; 0.0000926645; 43.906338; 0.0092603761;
1; 330; 4.1982; -340.826917; -14.548102; 47.494071; 0.0000927619; 44.273296; 0.0092989936;
1; 331; 4.2083; -340.826910; -14.547881; 47.517941; 0.0000928085; 44.540375; 0.0093269995;
1; 332; 4.2183; -340.826890; -14.547712; 47.565467; 0.0000929013; 44.862247; 0.0093606397;
1; 333; 4.2283; -340.826883; -14.547494; 47.579727; 0.0000929292; 45.026660; 0.0093777766;
1; 334; 4.2383; -340.826864; -14.547327; 47.621064; 0.0000930099; 45.294730; 0.0094056509;
1; 335; 4.2484; -340.826857; -14.547110; 47.625781; 0.0000930191; 45.347428; 0.0094111208;
1; 336; 4.2584; -340.826838; -14.546945; 47.660872; 0.0000930876; 45.552205; 0.0094323459;
1; 337; 4.2684; -340.826831; -14.546730; 47.655082; 0.0000930763; 45.488405; 0.0094257382;
1; 338; 4.2784; -340.826813; -14.546566; 47.680806; 0.0000931266; 45.623277; 0.0094397014;
1; 339; 4.2885; -340.826807; -14.546352; 47.664937; 0.0000930956; 45.441856; 0.0094209142;
1; 340; 4.2985; -340.826788; -14.546191; 47.680938; 0.0000931268; 45.500645; 0.0094270063;
1; 341; 4.3085; -340.826782; -14.545979; 47.651405; 0.0000930691; 45.204291; 0.0093962562;
1; 342; 4.3185; -340.826764; -14.545821; 47.641167; 0.0000930492; 45.181586; 0.0093938962;
1; 343; 4.3286; -340.826759; -14.545608; 47.616574; 0.0000930011; 44.775955; 0.0093516329;
1; 344; 4.3386; -340.826741; -14.545453; 47.590603; 0.0000929504; 44.668472; 0.0093404020;
1; 345; 4.3486; -340.826736; -14.545241; 47.553567; 0.0000928781; 44.160668; 0.0092871581;
1; 346; 4.3586; -340.826718; -14.545085; 47.535753; 0.0000928433; 43.972671; 0.0092673687;
1; 347; 4.3687; -340.826713; -14.544878; 47.462190; 0.0000926996; 43.362612; 0.0092028584;
1; 348; 4.3787; -340.826695; -14.544723; 47.431697; 0.0000926400; 43.092667; 0.0091741684;
1; 349; 4.3887; -340.826691; -14.544518; 47.342449; 0.0000924657; 42.392280; 0.0090993089;
1; 350; 4.3987; -340.826673; -14.544368; 47.277207; 0.0000923383; 42.036654; 0.0090610618;
1; 351; 4.4088; -340.826669; -14.544161; 47.186373; 0.0000921609; 41.260918; 0.0089770669;
1; 352; 4.4188; -340.826652; -14.544013; 47.113471; 0.0000920185; 40.840275; 0.0089311904;
1; 353; 4.4288; -340.826647; -14.543808; 47.005744; 0.0000918081; 40.002280; 0.0088390867;
1; 354; 4.4388; -340.826630; -14.543658; 46.938004; 0.0000916758; 39.536415; 0.0087874661;
1; 355; 4.4489; -340.826626; -14.543457; 46.797646; 0.0000914017; 38.644083; 0.0086877342;
1; 356; 4.4589; -340.826609; -14.543309; 46.722147; 0.0000912542; 38.145105; 0.0086314633;
1; 357; 4.4689; -340.826605; -14.543110; 46.570877; 0.0000909587; 37.232669; 0.0085276055;
1; 358; 4.4789; -340.826588; -14.542963; 46.489915; 0.0000908006; 36.719655; 0.0084686526;
1; 359; 4.4890; -340.826585; -14.542766; 46.328948; 0.0000904862; 35.811527; 0.0083632762;
1; 360; 4.4990; -340.826568; -14.542619; 46.247515; 0.0000903272; 35.304275; 0.0083038342;
1; 361; 4.5090; -340.826564; -14.542424; 46.083639; 0.0000900071; 34.425568; 0.0081998437;
1; 362; 4.5190; -340.826548; -14.542282; 45.979895; 0.0000898045; 33.927379; 0.0081402956;
1; 363; 4.5291; -340.826545; -14.542084; 45.840816; 0.0000895328; 33.109684; 0.0080416014;
1; 364; 4.5391; -340.826529; -14.541941; 45.760042; 0.0000893751; 32.652754; 0.0079859195;
1; 365; 4.5491; -340.826525; -14.541746; 45.606965; 0.0000890761; 31.891720; 0.0078923074;
1; 366; 4.5591; -340.826509; -14.541605; 45.527369; 0.0000889206; 31.474105; 0.0078404630;
1; 367; 4.5692; -340.826506; -14.541413; 45.377184; 0.0000886273; 30.788216; 0.0077545622;
1; 368; 4.5792; -340.826491; -14.541273; 45.305703; 0.0000884877; 30.418304; 0.0077078369;
1; 369; 4.5892; -340.826488; -14.541081; 45.170025; 0.0000882227; 29.819507; 0.0076315939;
1; 370; 4.5992; -340.826472; -14.540942; 45.102656; 0.0000880911; 29.499880; 0.0075905831;
1; 371; 4.6093; -340.826469; -14.540752; 44.977610; 0.0000878469; 28.991680; 0.0075249169;
1; 372; 4.6193; -340.826454; -14.540615; 44.917502; 0.0000877295; 28.726250; 0.0074903910;
1; 373; 4.6293; -340.826451; -14.540426; 44.806294; 0.0000875123; 28.313105; 0.0074363320;
1; 374; 4.6393; -340.826436; -14.540290; 44.751993; 0.0000874062; 28.103553; 0.0074087618;
1; 375; 4.6494; -340.826434; -14.540102; 44.657150; 0.0000872210; 27.788257; 0.0073670849;
1; 376; 4.6594; -340.826419; -14.539968; 44.612044; 0.0000871329; 27.636553; 0.0073469478;
1; 377; 4.6694; -340.826417; -14.539782; 44.527724; 0.0000869682; 27.419365; 0.0073180220;
1; 378; 4.6794; -340.826402; -14.539648; 44.496905; 0.0000869080; 27.326814; 0.0073056610;
1; 379; 4.6895; -340.826400; -14.539463; 44.429330; 0.0000867760; 27.209528; 0.0072899663;
1; 380; 4.6995; -340.826385; -14.539330; 44.407610; 0.0000867336; 27.175362; 0.0072853881;
1; 381; 4.7095; -340.826383; -14.539146; 44.361214; 0.0000866430; 27.158231; 0.0072830913;
1; 382; 4.7195; -340.826369; -14.539015; 44.345241; 0.0000866118; 27.182145; 0.0072862972;
1; 383; 4.7296; -340.826367; -14.538832; 44.316405; 0.0000865555; 27.264646; 0.0072973462;
1; 384; 4.7396; -340.826353; -14.538702; 44.310619; 0.0000865442; 27.346651; 0.0073083122;
1; 385; 4.7496; -340.826351; -14.538522; 44.293536; 0.0000865108; 27.528073; 0.0073325144;
1; 386; 4.7596; -340.826337; -14.538395; 44.287558; 0.0000864991; 27.667951; 0.0073511202;
1; 387; 4.7697; -340.826336; -14.538213; 44.303892; 0.0000865310; 27.946507; 0.0073880324;
1; 388; 4.7797; -340.826322; -14.538085; 44.322335; 0.0000865671; 28.141642; 0.0074137807;
1; 389; 4.7897; -340.826320; -14.537907; 44.341420; 0.0000866043; 28.516870; 0.0074630431;
1; 390; 4.7997; -340.826306; -14.537780; 44.371046; 0.0000866622; 28.766044; 0.0074955773;
1; 391; 4.8098; -340.826305; -14.537603; 44.406475; 0.0000867314; 29.234995; 0.0075564277;
1; 392; 4.8198; -340.826291; -14.537477; 44.444278; 0.0000868052; 29.536114; 0.0075952434;
1; 393; 4.8298; -340.826290; -14.537301; 44.500515; 0.0000869151; 30.093243; 0.0076665419;
1; 394; 4.8398; -340.826277; -14.537181; 44.520331; 0.0000869538; 30.448675; 0.0077116839;
1; 395; 4.8499; -340.826276; -14.537003; 44.608034; 0.0000871251; 31.086736; 0.0077920653;
1; 396; 4.8599; -340.826262; -14.536879; 44.661672; 0.0000872298; 31.481166; 0.0078413425;
1; 397; 4.8699; -340.826261; -14.536705; 44.747358; 0.0000873972; 32.199399; 0.0079302869;
1; 398; 4.8799; -340.826248; -14.536586; 44.785206; 0.0000874711; 32.639252; 0.0079842682;
1; 399; 4.8900; -340.826247; -14.536410; 44.900611; 0.0000876965; 33.420802; 0.0080792948;
1; 400; 4.9000; -340.826234; -14.536290; 44.961015; 0.0000878145; 33.888253; 0.0081356004;
