2; 1; 0.9000; -340.398846; -14.611169; 46.261558; 0.0000903546; 50.325856; 0.0099142669;
2; 2; 0.9100; -340.432213; -14.613226; 46.296213; 0.0000904223; 50.759303; 0.0099568702;
2; 3; 0.9201; -340.463584; -14.615209; 46.219443; 0.0000902723; 50.174479; 0.0098993449;
2; 4; 0.9301; -340.493077; -14.617270; 46.148761; 0.0000901343; 49.417514; 0.0098243871;
2; 5; 0.9401; -340.520810; -14.619329; 46.156078; 0.0000901486; 49.840265; 0.0098663198;
2; 6; 0.9501; -340.546853; -14.621362; 46.095954; 0.0000900312; 49.460923; 0.0098287010;
2; 7; 0.9602; -340.571317; -14.623476; 46.084336; 0.0000900085; 49.484563; 0.0098310496;
2; 8; 0.9702; -340.594278; -14.625531; 46.037316; 0.0000899166; 49.157767; 0.0097985337;
2; 9; 0.9802; -340.615820; -14.627594; 45.893539; 0.0000896358; 47.920313; 0.0096744179;
2; 10; 0.9902; -340.636025; -14.629686; 45.885357; 0.0000896198; 47.968820; 0.0096793131;
2; 11; 1.0003; -340.654960; -14.631745; 45.826887; 0.0000895056; 47.696929; 0.0096518426;
2; 12; 1.0103; -340.672697; -14.633830; 45.804103; 0.0000894611; 47.594264; 0.0096414494;
2; 13; 1.0203; -340.689301; -14.635885; 45.645370; 0.0000891511; 46.241998; 0.0095034942;
2; 14; 1.0303; -340.704840; -14.637942; 45.631594; 0.0000891242; 46.283404; 0.0095077480;
2; 15; 1.0404; -340.719361; -14.639968; 45.548844; 0.0000889626; 45.734115; 0.0094511609;
2; 16; 1.0504; -340.732927; -14.641985; 45.472196; 0.0000888129; 45.193940; 0.0093951803;
2; 17; 1.0604; -340.745589; -14.644000; 45.409402; 0.0000886902; 44.789811; 0.0093530796;
2; 18; 1.0704; -340.757405; -14.646052; 45.368217; 0.0000886098; 44.546111; 0.0093276001;
2; 19; 1.0805; -340.768407; -14.648002; 45.273363; 0.0000884245; 43.868487; 0.0092563837;
2; 20; 1.0905; -340.778647; -14.649960; 45.214290; 0.0000883092; 43.511559; 0.0092186503;
2; 21; 1.1005; -340.788168; -14.651909; 45.138538; 0.0000881612; 42.986661; 0.0091628774;
2; 22; 1.1105; -340.797016; -14.653871; 45.094036; 0.0000880743; 42.711828; 0.0091335392;
2; 23; 1.1206; -340.805216; -14.655761; 45.027842; 0.0000879450; 42.312905; 0.0090907861;
2; 24; 1.1306; -340.812810; -14.657633; 44.956114; 0.0000878049; 41.835767; 0.0090393851;
2; 25; 1.1406; -340.819832; -14.659490; 44.902289; 0.0000876998; 41.511800; 0.0090043176;
2; 26; 1.1506; -340.826316; -14.661330; 44.843420; 0.0000875848; 41.141118; 0.0089640251;
2; 27; 1.1607; -340.832297; -14.663160; 44.806060; 0.0000875118; 40.923798; 0.0089403184;
2; 28; 1.1707; -340.837791; -14.664914; 44.747932; 0.0000873983; 40.580331; 0.0089027220;
2; 29; 1.1807; -340.842833; -14.666662; 44.697766; 0.0000873003; 40.284292; 0.0088701893;
2; 30; 1.1907; -340.847450; -14.668399; 44.654377; 0.0000872156; 40.041671; 0.0088434376;
2; 31; 1.2008; -340.851665; -14.670089; 44.614472; 0.0000871376; 39.826763; 0.0088196739;
2; 32; 1.2108; -340.855503; -14.671747; 44.578743; 0.0000870679; 39.645736; 0.0087996067;
2; 33; 1.2208; -340.858986; -14.673384; 44.546607; 0.0000870051; 39.495550; 0.0087829235;
2; 34; 1.2308; -340.862135; -14.674978; 44.518851; 0.0000869509; 39.377752; 0.0087698159;
2; 35; 1.2409; -340.864969; -14.676537; 44.494966; 0.0000869042; 39.293341; 0.0087604113;
2; 36; 1.2509; -340.867508; -14.678035; 44.475697; 0.0000868666; 39.243093; 0.0087548082;
2; 37; 1.2609; -340.869771; -14.679547; 44.459366; 0.0000868347; 39.228028; 0.0087531275;
2; 38; 1.2709; -340.871774; -14.681005; 44.447832; 0.0000868122; 39.248741; 0.0087554381;
2; 39; 1.2810; -340.873534; -14.682406; 44.440886; 0.0000867986; 39.306309; 0.0087618568;
2; 40; 1.2910; -340.875066; -14.683788; 44.438166; 0.0000867933; 39.400937; 0.0087723974;
2; 41; 1.3010; -340.876385; -14.685123; 44.440040; 0.0000867970; 39.533151; 0.0087871034;
2; 42; 1.3110; -340.877506; -14.686425; 44.446150; 0.0000868089; 39.703460; 0.0088060105;
2; 43; 1.3211; -340.878441; -14.687659; 44.456625; 0.0000868293; 39.912007; 0.0088291075;
2; 44; 1.3311; -340.879204; -14.688868; 44.471258; 0.0000868579; 40.158744; 0.0088563563;
2; 45; 1.3411; -340.879807; -14.690032; 44.490237; 0.0000868950; 40.443978; 0.0088877525;
2; 46; 1.3511; -340.880261; -14.691164; 44.513281; 0.0000869400; 40.767379; 0.0089232162;
2; 47; 1.3612; -340.880576; -14.692227; 44.540455; 0.0000869931; 41.128224; 0.0089626203;
2; 48; 1.3712; -340.880765; -14.693255; 44.571616; 0.0000870539; 41.526881; 0.0090059530;
2; 49; 1.3812; -340.880835; -14.694252; 44.606636; 0.0000871223; 41.962951; 0.0090531149;
2; 50; 1.3912; -340.880797; -14.695185; 44.645467; 0.0000871982; 42.435865; 0.0091039853;
2; 51; 1.4013; -340.880660; -14.696064; 44.688107; 0.0000872815; 42.944380; 0.0091583701;
2; 52; 1.4113; -340.880431; -14.696898; 44.734226; 0.0000873715; 43.488090; 0.0092161638;
2; 53; 1.4213; -340.880119; -14.697681; 44.783848; 0.0000874685; 44.065716; 0.0092771683;
2; 54; 1.4313; -340.879731; -14.698416; 44.836466; 0.0000875712; 44.676089; 0.0093411984;
2; 55; 1.4414; -340.879275; -14.699096; 44.892358; 0.0000876804; 45.317501; 0.0094080149;
2; 56; 1.4514; -340.878757; -14.699723; 44.951134; 0.0000877952; 45.988974; 0.0094774583;
2; 57; 1.4614; -340.878183; -14.700295; 45.012835; 0.0000879157; 46.689386; 0.0095493564;
2; 58; 1.4714; -340.877560; -14.700815; 45.077095; 0.0000880412; 47.415412; 0.0096233168;
2; 59; 1.4815; -340.876893; -14.701282; 45.143581; 0.0000881711; 48.165803; 0.0096991666;
2; 60; 1.4915; -340.876188; -14.701689; 45.212342; 0.0000883054; 48.937209; 0.0097765273;
2; 61; 1.5015; -340.875449; -14.702043; 45.282522; 0.0000884424; 49.727158; 0.0098551182;
2; 62; 1.5115; -340.874681; -14.702338; 45.354582; 0.0000885832; 50.532913; 0.0099346412;
2; 63; 1.5216; -340.873889; -14.702596; 45.429063; 0.0000887286; 51.351670; 0.0100148005;
2; 64; 1.5316; -340.873077; -14.702765; 45.502195; 0.0000888715; 52.176580; 0.0100949187;
2; 65; 1.5416; -340.872248; -14.702896; 45.577313; 0.0000890182; 53.002722; 0.0101745241;
2; 66; 1.5516; -340.871406; -14.702964; 45.652672; 0.0000891654; 53.826526; 0.0102532889;
2; 67; 1.5617; -340.870555; -14.702980; 45.727973; 0.0000893124; 54.639288; 0.0103304094;
2; 68; 1.5717; -340.869696; -14.702933; 45.802462; 0.0000894579; 55.437135; 0.0104055588;
2; 69; 1.5817; -340.868834; -14.702835; 45.876050; 0.0000896017; 56.212963; 0.0104781174;
2; 70; 1.5917; -340.867970; -14.702678; 45.948070; 0.0000897423; 56.957603; 0.0105472896;
2; 71; 1.6018; -340.867108; -14.702463; 46.017853; 0.0000898786; 57.662741; 0.0106123768;
2; 72; 1.6118; -340.866249; -14.702196; 46.085140; 0.0000900100; 58.321961; 0.0106728666;
2; 73; 1.6218; -340.865395; -14.701764; 46.133714; 0.0000901049; 58.925937; 0.0107279878;
2; 74; 1.6318; -340.864547; -14.701496; 46.209852; 0.0000902536; 59.465621; 0.0107770028;
2; 75; 1.6419; -340.863709; -14.701065; 46.266431; 0.0000903641; 59.935234; 0.0108194733;
2; 76; 1.6519; -340.862880; -14.700585; 46.318815; 0.0000904664; 60.325644; 0.0108546545;
2; 77; 1.6619; -340.862063; -14.700049; 46.366810; 0.0000905602; 60.631864; 0.0108821693;
2; 78; 1.6719; -340.861258; -14.699465; 46.410513; 0.0000906455; 60.847673; 0.0109015187;
2; 79; 1.6820; -340.860466; -14.698833; 46.449855; 0.0000907224; 60.968018; 0.0109122940;
2; 80; 1.6920; -340.859688; -14.698154; 46.484686; 0.0000907904; 60.991155; 0.0109143643;
2; 81; 1.7020; -340.858925; -14.697427; 46.514454; 0.0000908485; 60.916940; 0.0109077220;
2; 82; 1.7120; -340.858178; -14.696655; 46.538451; 0.0000908954; 60.743818; 0.0108922114;
2; 83; 1.7221; -340.857446; -14.695848; 46.560310; 0.0000909381; 60.473646; 0.0108679616;
2; 84; 1.7321; -340.856730; -14.694995; 46.577425; 0.0000909715; 60.113274; 0.0108355313;
2; 85; 1.7421; -340.856032; -14.694102; 46.590668; 0.0000909974; 59.665124; 0.0107950657;
2; 86; 1.7521; -340.855349; -14.693172; 46.602158; 0.0000910198; 59.136076; 0.0107470995;
2; 87; 1.7622; -340.854684; -14.692208; 46.610629; 0.0000910364; 58.533155; 0.0106921732;
2; 88; 1.7722; -340.854035; -14.691209; 46.616962; 0.0000910488; 57.864635; 0.0106309391;
2; 89; 1.7822; -340.853404; -14.690179; 46.622245; 0.0000910591; 57.137522; 0.0105639350;
2; 90; 1.7922; -340.852789; -14.689120; 46.627477; 0.0000910693; 56.361606; 0.0104919618;
2; 91; 1.8023; -340.852192; -14.688032; 46.633136; 0.0000910803; 55.543803; 0.0104155648;
2; 92; 1.8123; -340.851610; -14.686918; 46.640004; 0.0000910938; 54.693849; 0.0103355660;
2; 93; 1.8223; -340.851046; -14.685781; 46.648866; 0.0000911111; 53.817650; 0.0102524435;
2; 94; 1.8323; -340.850497; -14.684621; 46.660185; 0.0000911332; 52.924047; 0.0101669700;
2; 95; 1.8424; -340.849965; -14.683440; 46.674874; 0.0000911619; 52.018993; 0.0100796625;
2; 96; 1.8524; -340.849448; -14.682241; 46.693499; 0.0000911982; 51.108064; 0.0099910178;
2; 97; 1.8624; -340.848947; -14.681025; 46.717687; 0.0000912455; 50.197879; 0.0099016530;
2; 98; 1.8724; -340.848461; -14.679794; 46.746744; 0.0000913022; 49.292465; 0.0098119491;
2; 99; 1.8825; -340.847989; -14.678549; 46.782331; 0.0000913717; 48.397004; 0.0097224173;
2; 100; 1.8925; -340.847532; -14.677292; 46.824107; 0.0000914533; 47.513999; 0.0096333161;
2; 101; 1.9025; -340.847089; -14.676025; 46.872992; 0.0000915488; 46.647495; 0.0095450714;
2; 102; 1.9125; -340.846659; -14.674749; 46.930812; 0.0000916617; 45.800560; 0.0094580241;
2; 103; 1.9226; -340.846243; -14.673465; 46.997116; 0.0000917912; 44.975091; 0.0093724050;
2; 104; 1.9326; -340.845840; -14.672175; 47.072199; 0.0000919379; 44.173746; 0.0092885331;
2; 105; 1.9426; -340.845450; -14.670880; 47.157789; 0.0000921051; 43.397919; 0.0092066042;
2; 106; 1.9526; -340.845071; -14.669581; 47.253469; 0.0000922919; 42.650867; 0.0091270190;
2; 107; 1.9627; -340.844705; -14.668280; 47.360157; 0.0000925003; 41.932179; 0.0090497949;
2; 108; 1.9727; -340.844350; -14.666977; 47.477939; 0.0000927304; 41.244418; 0.0089752718;
2; 109; 1.9827; -340.844006; -14.665675; 47.609973; 0.0000929882; 40.588396; 0.0089036067;
2; 110; 1.9927; -340.843673; -14.664373; 47.753522; 0.0000932686; 39.964936; 0.0088349599;
2; 111; 2.0028; -340.843350; -14.663072; 47.910960; 0.0000935761; 39.375346; 0.0087695481;
2; 112; 2.0128; -340.843037; -14.661775; 48.083376; 0.0000939128; 38.820505; 0.0087075427;
2; 113; 2.0228; -340.842735; -14.660481; 48.271838; 0.0000942809; 38.300829; 0.0086490639;
2; 114; 2.0328; -340.842441; -14.659190; 48.475721; 0.0000946791; 37.816719; 0.0085942294;
2; 115; 2.0429; -340.842156; -14.657905; 48.695717; 0.0000951088; 37.368355; 0.0085431299;
2; 116; 2.0529; -340.841880; -14.656626; 48.936510; 0.0000955791; 36.956598; 0.0084959318;
2; 117; 2.0629; -340.841613; -14.655352; 49.197215; 0.0000960883; 36.581257; 0.0084526782;
2; 118; 2.0729; -340.841353; -14.654085; 49.480391; 0.0000966414; 36.242237; 0.0084134190;
2; 119; 2.0830; -340.841102; -14.652825; 49.786465; 0.0000972392; 35.939609; 0.0083782187;
2; 120; 2.0930; -340.840857; -14.651572; 50.113995; 0.0000978789; 35.673266; 0.0083471161;
2; 121; 2.1030; -340.840620; -14.650328; 50.463234; 0.0000985610; 35.442511; 0.0083200754;
2; 122; 2.1130; -340.840390; -14.649092; 50.835970; 0.0000992890; 35.247707; 0.0082971789;
2; 123; 2.1231; -340.840167; -14.647864; 51.227372; 0.0001000535; 35.088144; 0.0082783773;
2; 124; 2.1331; -340.839949; -14.646645; 51.638140; 0.0001008557; 34.963552; 0.0082636667;
2; 125; 2.1431; -340.839738; -14.645441; 52.066990; 0.0001016933; 34.872854; 0.0082529415;
2; 126; 2.1531; -340.839533; -14.644239; 52.506416; 0.0001025516; 34.816989; 0.0082463284;
2; 127; 2.1632; -340.839334; -14.643048; 52.957092; 0.0001034318; 34.795117; 0.0082437378;
2; 128; 2.1732; -340.839139; -14.641863; 53.403745; 0.0001043042; 34.807089; 0.0082451559;
2; 129; 2.1832; -340.838950; -14.640696; 53.866971; 0.0001052089; 34.852934; 0.0082505840;
2; 130; 2.1932; -340.838766; -14.639534; 54.316547; 0.0001060870; 34.932640; 0.0082600129;
2; 131; 2.2033; -340.838587; -14.638381; 54.753566; 0.0001069406; 35.046812; 0.0082735001;
2; 132; 2.2133; -340.838412; -14.637239; 55.169650; 0.0001077532; 35.196557; 0.0082911565;
2; 133; 2.2233; -340.838242; -14.636107; 55.557505; 0.0001085108; 35.383733; 0.0083131734;
2; 134; 2.2333; -340.838075; -14.634984; 55.908443; 0.0001091962; 35.609566; 0.0083396603;
2; 135; 2.2434; -340.837913; -14.633871; 56.218516; 0.0001098018; 35.876363; 0.0083708435;
2; 136; 2.2534; -340.837754; -14.632769; 56.483202; 0.0001103188; 36.186619; 0.0084069608;
2; 137; 2.2634; -340.837600; -14.631677; 56.701064; 0.0001107443; 36.542663; 0.0084482181;
2; 138; 2.2734; -340.837448; -14.630596; 56.869657; 0.0001110735; 36.947705; 0.0084949094;
2; 139; 2.2835; -340.837300; -14.629525; 56.992353; 0.0001113132; 37.403315; 0.0085471253;
2; 140; 2.2935; -340.837155; -14.628466; 57.071619; 0.0001114680; 37.911621; 0.0086050063;
2; 141; 2.3035; -340.837013; -14.627418; 57.111380; 0.0001115457; 38.473540; 0.0086685428;
2; 142; 2.3135; -340.836874; -14.626381; 57.116515; 0.0001115557; 39.089925; 0.0087377063;
2; 143; 2.3236; -340.836738; -14.625356; 57.092763; 0.0001115093; 39.760538; 0.0088123380;
2; 144; 2.3336; -340.836604; -14.624343; 57.046538; 0.0001114190; 40.483514; 0.0088920956;
2; 145; 2.3436; -340.836473; -14.623342; 56.978300; 0.0001112857; 41.256336; 0.0089765685;
2; 146; 2.3536; -340.836344; -14.622353; 56.898735; 0.0001111303; 42.076491; 0.0090653542;
2; 147; 2.3637; -340.836220; -14.621195; 56.675505; 0.0001106943; 42.727981; 0.0091352661;
2; 148; 2.3737; -340.836093; -14.620110; 56.464817; 0.0001102828; 43.465629; 0.0092137835;
2; 149; 2.3837; -340.835968; -14.619079; 56.302197; 0.0001099652; 44.271289; 0.0092987828;
2; 150; 2.3937; -340.835845; -14.618087; 56.146160; 0.0001096605; 45.132002; 0.0093887402;
2; 151; 2.4038; -340.835724; -14.617126; 56.010392; 0.0001093953; 46.031599; 0.0094818493;
2; 152; 2.4138; -340.835606; -14.616189; 55.890836; 0.0001091618; 46.956833; 0.0095766677;
2; 153; 2.4238; -340.835490; -14.615272; 55.778193; 0.0001089418; 47.894128; 0.0096717743;
2; 154; 2.4338; -340.835375; -14.614375; 55.667426; 0.0001087254; 48.864191; 0.0097692309;
2; 155; 2.4439; -340.835262; -14.613496; 55.571088; 0.0001085373; 49.813077; 0.0098636285;
2; 156; 2.4539; -340.835151; -14.612632; 55.479623; 0.0001083586; 50.730041; 0.0099539998;
2; 157; 2.4639; -340.835062; -14.612104; 55.674268; 0.0001087388; 51.819536; 0.0100603197;
2; 158; 2.4739; -340.834952; -14.611159; 55.496601; 0.0001083918; 52.623868; 0.0101380961;
2; 159; 2.4840; -340.834841; -14.610264; 55.341043; 0.0001080880; 53.303865; 0.0102033873;
2; 160; 2.4940; -340.834733; -14.609405; 55.203367; 0.0001078191; 53.882341; 0.0102586036;
2; 161; 2.5040; -340.834627; -14.608573; 55.074205; 0.0001075668; 54.355983; 0.0103035931;
2; 162; 2.5140; -340.834539; -14.607971; 55.114092; 0.0001076447; 54.436801; 0.0103112501;
2; 163; 2.5241; -340.834435; -14.607106; 54.912598; 0.0001072512; 54.841677; 0.0103495242;
2; 164; 2.5341; -340.834331; -14.606282; 54.748045; 0.0001069298; 54.978668; 0.0103624423;
2; 165; 2.5441; -340.834229; -14.605486; 54.571882; 0.0001065857; 54.924023; 0.0103572913;
2; 166; 2.5541; -340.834145; -14.604906; 54.493887; 0.0001064334; 54.187597; 0.0102876212;
2; 167; 2.5642; -340.834046; -14.604088; 54.301959; 0.0001060585; 54.082278; 0.0102776188;
2; 168; 2.5742; -340.833946; -14.603307; 54.097828; 0.0001056598; 53.669297; 0.0102383029;
2; 169; 2.5842; -340.833848; -14.602554; 53.891278; 0.0001052564; 53.064894; 0.0101804897;
2; 170; 2.5942; -340.833769; -14.602004; 53.735413; 0.0001049520; 51.641770; 0.0100430490;
2; 171; 2.6043; -340.833673; -14.601230; 53.518493; 0.0001045283; 51.104177; 0.0099906379;
2; 172; 2.6143; -340.833577; -14.600489; 53.288214; 0.0001040785; 50.291634; 0.0099108954;
2; 173; 2.6243; -340.833483; -14.599776; 53.057657; 0.0001036282; 49.340625; 0.0098167412;
2; 174; 2.6343; -340.833408; -14.599254; 52.890718; 0.0001033022; 47.616268; 0.0096436779;
2; 175; 2.6444; -340.833316; -14.598518; 52.629927; 0.0001027928; 46.843701; 0.0095651244;
2; 176; 2.6544; -340.833223; -14.597816; 52.392406; 0.0001023289; 45.880375; 0.0094662615;
2; 177; 2.6644; -340.833133; -14.597139; 52.157311; 0.0001018697; 44.841242; 0.0093584481;
2; 178; 2.6744; -340.833062; -14.596643; 51.982004; 0.0001015274; 43.166007; 0.0091819719;
2; 179; 2.6845; -340.832973; -14.595945; 51.729992; 0.0001010351; 42.378206; 0.0090977983;
2; 180; 2.6945; -340.832884; -14.595278; 51.499843; 0.0001005856; 41.476249; 0.0090004610;
2; 181; 2.7045; -340.832812; -14.594772; 51.329291; 0.0001002525; 40.089370; 0.0088487033;
2; 182; 2.7145; -340.832725; -14.594101; 51.100915; 0.0000998065; 39.395164; 0.0087717546;
2; 183; 2.7246; -340.832638; -14.593460; 50.899600; 0.0000994133; 38.637192; 0.0086869595;
2; 184; 2.7346; -340.832568; -14.592967; 50.744992; 0.0000991113; 37.532477; 0.0085618700;
2; 185; 2.7446; -340.832484; -14.592323; 50.544021; 0.0000987188; 36.987825; 0.0084995203;
2; 186; 2.7546; -340.832399; -14.591705; 50.369238; 0.0000983774; 36.420168; 0.0084340465;
2; 187; 2.7647; -340.832331; -14.591228; 50.259621; 0.0000981633; 35.647496; 0.0083441006;
2; 188; 2.7747; -340.832249; -14.590608; 50.086167; 0.0000978245; 35.286767; 0.0083017750;
2; 189; 2.7847; -340.832166; -14.590011; 49.926555; 0.0000975128; 34.934290; 0.0082602079;
2; 190; 2.7947; -340.832102; -14.589548; 49.863624; 0.0000973899; 34.517643; 0.0082108021;
2; 191; 2.8048; -340.832022; -14.588951; 49.717514; 0.0000971045; 34.359401; 0.0081919598;
2; 192; 2.8148; -340.831941; -14.588376; 49.599811; 0.0000968746; 34.241704; 0.0081779171;
2; 193; 2.8248; -340.831879; -14.587924; 49.570213; 0.0000968168; 34.190445; 0.0081717937;
2; 194; 2.8348; -340.831801; -14.587351; 49.473844; 0.0000966286; 34.245775; 0.0081784033;
2; 195; 2.8449; -340.831722; -14.586796; 49.386892; 0.0000964588; 34.365128; 0.0081926425;
2; 196; 2.8549; -340.831662; -14.586355; 49.405568; 0.0000964953; 34.682435; 0.0082303786;
2; 197; 2.8649; -340.831586; -14.585801; 49.330980; 0.0000963496; 34.948283; 0.0082618622;
2; 198; 2.8749; -340.831510; -14.585268; 49.292981; 0.0000962754; 35.303054; 0.0083036906;
2; 199; 2.8850; -340.831452; -14.584836; 49.347593; 0.0000963820; 35.980660; 0.0083830023;
2; 200; 2.8950; -340.831379; -14.584302; 49.300605; 0.0000962902; 36.450256; 0.0084375296;
2; 201; 2.9050; -340.831304; -14.583786; 49.285275; 0.0000962603; 37.027714; 0.0085041022;
2; 202; 2.9150; -340.831249; -14.583364; 49.387921; 0.0000964608; 38.042697; 0.0086198690;
2; 203; 2.9251; -340.831177; -14.582850; 49.370741; 0.0000964272; 38.696507; 0.0086936249;
2; 204; 2.9351; -340.831105; -14.582353; 49.390472; 0.0000964658; 39.469616; 0.0087800395;
2; 205; 2.9451; -340.831052; -14.581937; 49.500492; 0.0000966806; 40.780012; 0.0089245987;
2; 206; 2.9551; -340.830982; -14.581443; 49.518968; 0.0000967167; 41.577484; 0.0090114384;
2; 207; 2.9652; -340.830912; -14.580962; 49.553268; 0.0000967837; 42.501704; 0.0091110450;
2; 208; 2.9752; -340.830861; -14.580558; 49.708916; 0.0000970877; 44.017674; 0.0092721098;
2; 209; 2.9852; -340.830793; -14.580082; 49.737355; 0.0000971433; 44.896757; 0.0093642394;
2; 210; 2.9952; -340.830725; -14.579617; 49.782611; 0.0000972317; 45.892373; 0.0094674992;
2; 211; 3.0053; -340.830676; -14.579219; 49.932196; 0.0000975238; 47.485100; 0.0096303860;
2; 212; 3.0153; -340.830610; -14.578761; 49.969452; 0.0000975966; 48.338671; 0.0097165563;
2; 213; 3.0253; -340.830543; -14.578311; 50.015670; 0.0000976869; 49.278480; 0.0098105572;
2; 214; 3.0353; -340.830497; -14.577921; 50.152059; 0.0000979532; 50.727033; 0.0099537047;
2; 215; 3.0454; -340.830433; -14.577479; 50.181088; 0.0000980099; 51.409059; 0.0100203952;
2; 216; 3.0554; -340.830368; -14.577042; 50.201238; 0.0000980493; 52.129300; 0.0100903438;
2; 217; 3.0654; -340.830323; -14.576661; 50.316237; 0.0000982739; 53.160117; 0.0101896199;
2; 218; 3.0754; -340.830261; -14.576235; 50.320990; 0.0000982832; 53.514732; 0.0102235493;
2; 219; 3.0855; -340.830198; -14.575813; 50.324503; 0.0000982900; 53.844250; 0.0102549769;
2; 220; 3.0955; -340.830156; -14.575437; 50.374007; 0.0000983867; 54.246417; 0.0102932033;
2; 221; 3.1055; -340.830096; -14.575026; 50.351980; 0.0000983437; 54.183658; 0.0102872473;
2; 222; 3.1155; -340.830034; -14.574617; 50.313997; 0.0000982695; 54.060218; 0.0102755225;
2; 223; 3.1256; -340.829994; -14.574247; 50.300875; 0.0000982439; 53.775208; 0.0102484000;
2; 224; 3.1356; -340.829936; -14.573848; 50.240211; 0.0000981254; 53.331463; 0.0102060283;
2; 225; 3.1456; -340.829876; -14.573453; 50.172347; 0.0000979929; 52.813946; 0.0101563891;
2; 226; 3.1556; -340.829838; -14.573086; 50.093578; 0.0000978390; 51.977804; 0.0100756711;
2; 227; 3.1657; -340.829781; -14.572703; 50.019762; 0.0000976948; 51.274318; 0.0100072550;
2; 228; 3.1757; -340.829724; -14.572319; 49.926327; 0.0000975124; 50.506385; 0.0099320332;
2; 229; 3.1857; -340.829687; -14.571960; 49.816062; 0.0000972970; 49.337347; 0.0098164151;
2; 230; 3.1957; -340.829633; -14.571586; 49.708163; 0.0000970863; 48.514768; 0.0097342389;
2; 231; 3.2058; -340.829577; -14.571214; 49.604402; 0.0000968836; 47.636561; 0.0096457327;
2; 232; 3.2158; -340.829542; -14.570861; 49.472916; 0.0000966268; 46.334855; 0.0095130312;
2; 233; 3.2258; -340.829489; -14.570499; 49.360487; 0.0000964072; 45.490343; 0.0094259390;
2; 234; 3.2358; -340.829435; -14.570138; 49.240565; 0.0000961730; 44.598118; 0.0093330434;
2; 235; 3.2459; -340.829403; -14.569788; 49.083347; 0.0000958659; 43.292111; 0.0091953741;
2; 236; 3.2559; -340.829351; -14.569439; 48.971638; 0.0000956477; 42.484949; 0.0091092489;
2; 237; 3.2659; -340.829299; -14.569089; 48.854754; 0.0000954194; 41.639409; 0.0090181468;
2; 238; 3.2759; -340.829268; -14.568746; 48.690145; 0.0000950979; 40.412800; 0.0088843261;
2; 239; 3.2860; -340.829219; -14.568408; 48.582278; 0.0000948873; 39.678419; 0.0088032330;
2; 240; 3.2960; -340.829168; -14.568068; 48.459176; 0.0000946468; 38.911953; 0.0087177926;
2; 241; 3.3060; -340.829139; -14.567730; 48.296776; 0.0000943296; 37.820715; 0.0085946835;
2; 242; 3.3160; -340.829091; -14.567404; 48.197576; 0.0000941359; 37.184067; 0.0085220379;
2; 243; 3.3261; -340.829042; -14.567073; 48.076366; 0.0000938992; 36.523615; 0.0084460160;
2; 244; 3.3361; -340.829014; -14.566741; 47.926440; 0.0000936063; 35.610317; 0.0083397483;
2; 245; 3.3461; -340.828968; -14.566425; 47.830530; 0.0000934190; 35.086022; 0.0082781270;
2; 246; 3.3561; -340.828921; -14.566103; 47.720752; 0.0000932046; 34.555618; 0.0082153175;
2; 247; 3.3662; -340.828895; -14.565776; 47.580546; 0.0000929308; 33.846030; 0.0081305306;
2; 248; 3.3762; -340.828850; -14.565469; 47.500238; 0.0000927739; 33.453695; 0.0080832696;
2; 249; 3.3862; -340.828804; -14.565157; 47.408241; 0.0000925942; 33.070485; 0.0080368396;
2; 250; 3.3962; -340.828780; -14.564836; 47.288383; 0.0000923601; 32.591701; 0.0079784501;
2; 251; 3.4063; -340.828736; -14.564537; 47.221127; 0.0000922288; 32.339773; 0.0079475542;
2; 252; 3.4163; -340.828692; -14.564233; 47.153002; 0.0000920957; 32.117130; 0.0079201495;
2; 253; 3.4263; -340.828669; -14.563915; 47.060422; 0.0000919149; 31.888213; 0.0078918734;
2; 254; 3.4363; -340.828627; -14.563625; 47.008496; 0.0000918135; 31.784179; 0.0078789895;
2; 255; 3.4464; -340.828598; -14.563315; 46.944629; 0.0000916887; 31.735074; 0.0078729008;
2; 256; 3.4564; -340.828557; -14.563030; 46.913446; 0.0000916278; 31.737288; 0.0078731754;
2; 257; 3.4664; -340.828529; -14.562722; 46.868113; 0.0000915393; 31.847691; 0.0078868576;
2; 258; 3.4764; -340.828489; -14.562442; 46.845933; 0.0000914960; 31.950747; 0.0078996078;
2; 259; 3.4865; -340.828461; -14.562138; 46.819393; 0.0000914441; 32.220770; 0.0079329182;
2; 260; 3.4965; -340.828422; -14.561863; 46.812250; 0.0000914302; 32.427673; 0.0079583477;
2; 261; 3.5065; -340.828395; -14.561561; 46.803319; 0.0000914127; 32.856760; 0.0080108276;
2; 262; 3.5165; -340.828357; -14.561291; 46.810965; 0.0000914277; 33.167830; 0.0080486593;
2; 263; 3.5266; -340.828331; -14.560992; 46.819047; 0.0000914435; 33.753655; 0.0081194278;
2; 264; 3.5366; -340.828294; -14.560727; 46.839851; 0.0000914841; 34.169145; 0.0081692479;
2; 265; 3.5466; -340.828269; -14.560431; 46.865798; 0.0000915348; 34.909196; 0.0082572407;
2; 266; 3.5566; -340.828233; -14.560170; 46.895116; 0.0000915920; 35.427748; 0.0083183424;
2; 267; 3.5667; -340.828209; -14.559878; 46.936686; 0.0000916732; 36.316017; 0.0084219784;
2; 268; 3.5767; -340.828173; -14.559622; 46.983853; 0.0000917653; 36.937037; 0.0084936830;
2; 269; 3.5867; -340.828150; -14.559333; 47.043043; 0.0000918809; 37.961356; 0.0086106488;
2; 270; 3.5967; -340.828115; -14.559081; 47.096518; 0.0000919854; 38.681818; 0.0086919748;
2; 271; 3.6068; -340.828093; -14.558795; 47.165401; 0.0000921199; 39.830147; 0.0088200485;
2; 272; 3.6168; -340.828059; -14.558547; 47.226471; 0.0000922392; 40.646105; 0.0089099340;
2; 273; 3.6268; -340.828037; -14.558265; 47.306908; 0.0000923963; 41.897594; 0.0090460621;
2; 274; 3.6368; -340.828004; -14.558022; 47.375851; 0.0000925310; 42.801637; 0.0091431366;
2; 275; 3.6469; -340.827983; -14.557742; 47.459108; 0.0000926936; 44.131447; 0.0092840849;
2; 276; 3.6569; -340.827950; -14.557504; 47.534278; 0.0000928404; 45.113083; 0.0093867721;
2; 277; 3.6669; -340.827930; -14.557227; 47.618723; 0.0000930053; 46.486024; 0.0095285370;
2; 278; 3.6769; -340.827898; -14.556993; 47.698609; 0.0000931613; 47.526370; 0.0096345702;
2; 279; 3.6870; -340.827878; -14.556718; 47.775769; 0.0000933120; 48.890858; 0.0097718963;
2; 280; 3.6970; -340.827847; -14.556488; 47.854466; 0.0000934658; 49.959244; 0.0098780894;
2; 281; 3.7070; -340.827828; -14.556217; 47.923960; 0.0000936015; 51.235596; 0.0100034756;
2; 282; 3.7170; -340.827797; -14.555991; 47.999884; 0.0000937498; 52.277542; 0.0101046808;
2; 283; 3.7271; -340.827779; -14.555722; 48.046947; 0.0000938417; 53.360376; 0.0102087945;
2; 284; 3.7371; -340.827749; -14.555499; 48.109223; 0.0000939633; 54.301285; 0.0102984075;
2; 285; 3.7471; -340.827732; -14.555233; 48.129764; 0.0000940034; 55.059792; 0.0103700846;
2; 286; 3.7571; -340.827702; -14.555013; 48.175909; 0.0000940936; 55.801986; 0.0104397440;
2; 287; 3.7672; -340.827685; -14.554750; 48.158911; 0.0000940604; 56.109441; 0.0104684647;
2; 288; 3.7772; -340.827656; -14.554534; 48.182072; 0.0000941056; 56.563350; 0.0105107228;
2; 289; 3.7872; -340.827640; -14.554272; 48.120192; 0.0000939848; 56.331950; 0.0104892011;
2; 290; 3.7972; -340.827611; -14.554059; 48.116528; 0.0000939776; 56.436221; 0.0104989044;
2; 291; 3.8073; -340.827596; -14.553801; 48.011608; 0.0000937727; 55.651285; 0.0104256374;
2; 292; 3.8173; -340.827568; -14.553590; 47.980127; 0.0000937112; 55.398590; 0.0104019407;
2; 293; 3.8273; -340.827553; -14.553334; 47.834162; 0.0000934261; 54.133129; 0.0102824494;
2; 294; 3.8373; -340.827526; -14.553126; 47.778208; 0.0000933168; 53.570681; 0.0102288923;
2; 295; 3.8474; -340.827511; -14.552872; 47.606184; 0.0000929808; 51.953416; 0.0100733071;
2; 296; 3.8574; -340.827484; -14.552667; 47.531656; 0.0000928353; 51.164670; 0.0099965492;
2; 297; 3.8674; -340.827470; -14.552415; 47.337119; 0.0000924553; 49.357279; 0.0098183979;
2; 298; 3.8774; -340.827444; -14.552213; 47.249004; 0.0000922832; 48.439267; 0.0097266615;
2; 299; 3.8875; -340.827431; -14.551963; 47.048363; 0.0000918913; 46.573757; 0.0095375243;
2; 300; 3.8975; -340.827405; -14.551763; 46.955905; 0.0000917108; 45.609494; 0.0094382754;
2; 301; 3.9075; -340.827392; -14.551516; 46.757140; 0.0000913225; 43.800543; 0.0092492127;
2; 302; 3.9175; -340.827367; -14.551319; 46.667030; 0.0000911465; 42.851583; 0.0091484697;
2; 303; 3.9276; -340.827354; -14.551074; 46.475530; 0.0000907725; 41.165532; 0.0089666844;
2; 304; 3.9376; -340.827330; -14.550878; 46.385557; 0.0000905968; 40.277601; 0.0088694526;
2; 305; 3.9476; -340.827318; -14.550636; 46.208505; 0.0000902510; 38.756794; 0.0087003944;
2; 306; 3.9576; -340.827294; -14.550444; 46.130519; 0.0000900987; 37.954282; 0.0086098465;
2; 307; 3.9677; -340.827282; -14.550203; 45.966363; 0.0000897781; 36.622043; 0.0084573889;
2; 308; 3.9777; -340.827258; -14.550014; 45.897943; 0.0000896444; 35.922660; 0.0083762429;
2; 309; 3.9877; -340.827247; -14.549775; 45.754897; 0.0000893650; 34.790399; 0.0082431789;
2; 310; 3.9977; -340.827224; -14.549589; 45.698702; 0.0000892553; 34.204088; 0.0081734240;
2; 311; 4.0078; -340.827213; -14.549353; 45.576317; 0.0000890162; 33.278988; 0.0080621351;
2; 312; 4.0178; -340.827190; -14.549169; 45.532385; 0.0000889304; 32.810984; 0.0080052454;
2; 313; 4.0278; -340.827180; -14.548935; 45.432390; 0.0000887351; 32.094377; 0.0079173436;
2; 314; 4.0378; -340.827157; -14.548754; 45.401214; 0.0000886742; 31.746614; 0.0078743320;
2; 315; 4.0479; -340.827147; -14.548522; 45.328088; 0.0000885314; 31.237655; 0.0078109567;
2; 316; 4.0579; -340.827125; -14.548343; 45.309644; 0.0000884954; 31.009638; 0.0077823967;
2; 317; 4.0679; -340.827115; -14.548113; 45.258406; 0.0000883953; 30.704276; 0.0077439841;
2; 318; 4.0779; -340.827093; -14.547937; 45.255897; 0.0000883904; 30.594945; 0.0077301844;
2; 319; 4.0880; -340.827084; -14.547709; 45.229544; 0.0000883390; 30.489791; 0.0077168888;
2; 320; 4.0980; -340.827062; -14.547534; 45.239790; 0.0000883590; 30.496120; 0.0077176897;
2; 321; 4.1080; -340.827053; -14.547308; 45.236518; 0.0000883526; 30.587247; 0.0077292119;
2; 322; 4.1180; -340.827032; -14.547135; 45.260933; 0.0000884003; 30.706967; 0.0077443233;
2; 323; 4.1281; -340.827023; -14.546911; 45.280464; 0.0000884384; 30.991598; 0.0077801327;
2; 324; 4.1381; -340.827002; -14.546740; 45.319078; 0.0000885138; 31.222183; 0.0078090221;
2; 325; 4.1481; -340.826994; -14.546517; 45.358982; 0.0000885918; 31.697730; 0.0078682673;
2; 326; 4.1581; -340.826973; -14.546346; 45.393089; 0.0000886584; 32.029347; 0.0079093185;
2; 327; 4.1682; -340.826965; -14.546127; 45.469044; 0.0000888067; 32.699493; 0.0079916330;
2; 328; 4.1782; -340.826945; -14.545958; 45.514092; 0.0000888947; 33.133739; 0.0080445220;
2; 329; 4.1882; -340.826937; -14.545741; 45.609611; 0.0000890813; 33.990074; 0.0081478134;
2; 330; 4.1982; -340.826917; -14.545576; 45.680835; 0.0000892204; 34.526446; 0.0082118490;
2; 331; 4.2083; -340.826910; -14.545358; 45.774574; 0.0000894035; 35.556806; 0.0083334798;
2; 332; 4.2183; -340.826890; -14.545195; 45.855097; 0.0000895607; 36.180484; 0.0084062481;
2; 333; 4.2283; -340.826883; -14.544979; 45.961447; 0.0000897685; 37.383915; 0.0085449084;
2; 334; 4.2383; -340.826864; -14.544817; 46.046458; 0.0000899345; 38.081096; 0.0086242182;
2; 335; 4.2484; -340.826857; -14.544603; 46.164273; 0.0000901646; 39.444555; 0.0087772517;
2; 336; 4.2584; -340.826838; -14.544443; 46.252652; 0.0000903372; 40.197593; 0.0088606390;
2; 337; 4.2684; -340.826831; -14.544230; 46.378859; 0.0000905837; 41.701977; 0.0090249196;
2; 338; 4.2784; -340.826813; -14.544072; 46.465483; 0.0000907529; 42.485337; 0.0091092905;
2; 339; 4.2885; -340.826807; -14.543861; 46.597048; 0.0000910099; 44.100873; 0.0092808683;
2; 340; 4.2985; -340.826788; -14.543704; 46.679096; 0.0000911701; 44.880563; 0.0093625504;
2; 341; 4.3085; -340.826782; -14.543495; 46.808154; 0.0000914222; 46.560931; 0.0095362109;
2; 342; 4.3185; -340.826764; -14.543337; 46.866662; 0.0000915364; 47.291341; 0.0096107180;
2; 343; 4.3286; -340.826759; -14.543132; 47.005886; 0.0000918084; 48.966655; 0.0097794682;
2; 344; 4.3386; -340.826741; -14.542976; 47.047290; 0.0000918892; 49.588416; 0.0098413605;
2; 345; 4.3486; -340.826736; -14.542773; 47.172606; 0.0000921340; 51.162473; 0.0099963346;
2; 346; 4.3586; -340.826718; -14.542621; 47.215155; 0.0000922171; 51.602850; 0.0100392637;
2; 347; 4.3687; -340.826713; -14.542418; 47.296667; 0.0000923763; 52.968644; 0.0101712527;
2; 348; 4.3787; -340.826695; -14.542268; 47.316257; 0.0000924146; 53.163921; 0.0101899845;
2; 349; 4.3887; -340.826691; -14.542066; 47.365860; 0.0000925114; 54.199281; 0.0102887302;
2; 350; 4.3987; -340.826673; -14.541915; 47.339348; 0.0000924597; 54.111120; 0.0102803590;
2; 351; 4.4088; -340.826669; -14.541717; 47.363000; 0.0000925059; 54.721705; 0.0103381976;
2; 352; 4.4188; -340.826652; -14.541569; 47.313001; 0.0000924082; 54.323643; 0.0103005275;
2; 353; 4.4288; -340.826647; -14.541372; 47.293012; 0.0000923692; 54.462554; 0.0103136887;
2; 354; 4.4388; -340.826630; -14.541227; 47.230855; 0.0000922478; 53.781160; 0.0102489672;
2; 355; 4.4489; -340.826626; -14.541029; 47.152879; 0.0000920955; 53.481182; 0.0102203441;
2; 356; 4.4589; -340.826609; -14.540886; 47.069289; 0.0000919322; 52.580106; 0.0101338798;
2; 357; 4.4689; -340.826605; -14.540690; 46.954481; 0.0000917080; 51.896429; 0.0100677810;
2; 358; 4.4789; -340.826588; -14.540548; 46.854452; 0.0000915126; 50.851190; 0.0099658783;
2; 359; 4.4890; -340.826585; -14.540353; 46.708478; 0.0000912275; 49.879732; 0.0098702255;
2; 360; 4.4990; -340.826568; -14.540212; 46.599447; 0.0000910145; 48.761949; 0.0097590052;
2; 361; 4.5090; -340.826564; -14.540019; 46.431178; 0.0000906859; 47.598103; 0.0096418383;
2; 362; 4.5190; -340.826548; -14.539877; 46.296701; 0.0000904232; 46.478402; 0.0095277557;
2; 363; 4.5291; -340.826545; -14.539688; 46.133892; 0.0000901053; 45.196210; 0.0093954163;
2; 364; 4.5391; -340.826529; -14.539549; 46.015426; 0.0000898739; 44.095795; 0.0092803340;
2; 365; 4.5491; -340.826525; -14.539358; 45.829528; 0.0000895108; 42.780876; 0.0091409189;
2; 366; 4.5591; -340.826509; -14.539221; 45.710355; 0.0000892780; 41.736221; 0.0090286243;
2; 367; 4.5692; -340.826506; -14.539032; 45.518475; 0.0000889033; 40.429938; 0.0088862097;
2; 368; 4.5792; -340.826491; -14.538896; 45.405060; 0.0000886818; 39.454250; 0.0087783303;
2; 369; 4.5892; -340.826488; -14.538708; 45.220118; 0.0000883205; 38.188597; 0.0086363825;
2; 370; 4.5992; -340.826472; -14.538574; 45.110017; 0.0000881055; 37.292664; 0.0085344733;
2; 371; 4.6093; -340.826469; -14.538388; 44.930523; 0.0000877549; 36.095810; 0.0083964058;
2; 372; 4.6193; -340.826454; -14.538254; 44.828203; 0.0000875551; 35.284328; 0.0083014880;
2; 373; 4.6293; -340.826451; -14.538069; 44.659413; 0.0000872254; 34.174748; 0.0081699177;
2; 374; 4.6393; -340.826436; -14.537937; 44.563462; 0.0000870380; 33.450916; 0.0080829340;
2; 375; 4.6494; -340.826434; -14.537753; 44.409418; 0.0000867371; 32.442481; 0.0079601647;
2; 376; 4.6594; -340.826419; -14.537622; 44.323713; 0.0000865698; 31.806253; 0.0078817249;
2; 377; 4.6694; -340.826417; -14.537440; 44.179297; 0.0000862877; 30.909543; 0.0077698264;
2; 378; 4.6794; -340.826402; -14.537310; 44.108154; 0.0000861487; 30.359463; 0.0077003783;
2; 379; 4.6895; -340.826400; -14.537129; 43.979907; 0.0000858983; 29.579743; 0.0076008510;
2; 380; 4.6995; -340.826385; -14.536999; 43.918997; 0.0000857793; 29.115159; 0.0075409247;
2; 381; 4.7095; -340.826383; -14.536820; 43.812072; 0.0000855705; 28.455971; 0.0074550700;
2; 382; 4.7195; -340.826369; -14.536692; 43.758673; 0.0000854662; 28.074835; 0.0074049755;
2; 383; 4.7296; -340.826367; -14.536513; 43.670639; 0.0000852942; 27.538802; 0.0073339432;
2; 384; 4.7396; -340.826353; -14.536387; 43.629052; 0.0000852130; 27.238331; 0.0072938238;
2; 385; 4.7496; -340.826351; -14.536209; 43.555233; 0.0000850688; 26.826204; 0.0072384342;
2; 386; 4.7596; -340.826337; -14.536082; 43.515882; 0.0000849920; 26.603665; 0.0072083481;
2; 387; 4.7697; -340.826336; -14.535908; 43.477766; 0.0000849175; 26.315912; 0.0071692584;
2; 388; 4.7797; -340.826322; -14.535783; 43.464585; 0.0000848918; 26.170518; 0.0071494260;
2; 389; 4.7897; -340.826320; -14.535609; 43.433315; 0.0000848307; 26.005343; 0.0071268285;
2; 390; 4.7997; -340.826306; -14.535486; 43.433785; 0.0000848316; 25.934459; 0.0071171090;
2; 391; 4.8098; -340.826305; -14.535313; 43.422766; 0.0000848101; 25.891119; 0.0071111596;
2; 392; 4.8198; -340.826291; -14.535191; 43.434275; 0.0000848326; 25.892260; 0.0071113164;
2; 393; 4.8298; -340.826290; -14.535019; 43.448651; 0.0000848606; 25.969349; 0.0071218947;
2; 394; 4.8398; -340.826277; -14.534896; 43.445020; 0.0000848536; 26.034404; 0.0071308096;
2; 395; 4.8499; -340.826276; -14.534728; 43.495768; 0.0000849527; 26.231296; 0.0071577232;
2; 396; 4.8599; -340.826262; -14.534607; 43.529223; 0.0000850180; 26.368481; 0.0071764155;
2; 397; 4.8699; -340.826261; -14.534438; 43.583252; 0.0000851235; 26.674081; 0.0072178816;
2; 398; 4.8799; -340.826248; -14.534317; 43.603726; 0.0000851635; 26.867913; 0.0072440591;
2; 399; 4.8900; -340.826247; -14.534150; 43.693460; 0.0000853388; 27.284619; 0.0073000186;
2; 400; 4.9000; -340.826234; -14.534032; 43.740495; 0.0000854307; 27.542220; 0.0073343983;
