11; 1; 0.9000; -340.398846; -1.067643; 853.766918; 0.0016675135; 48.061757; 0.0096886851;
11; 2; 0.9100; -340.432213; -1.067293; 853.894523; 0.0016677627; 48.069491; 0.0096894646;
11; 3; 0.9201; -340.463584; -1.066799; 853.754879; 0.0016674900; 48.045987; 0.0096870955;
11; 4; 0.9301; -340.493077; -1.066328; 853.703479; 0.0016673896; 48.035921; 0.0096860806;
11; 5; 0.9401; -340.520810; -1.065769; 853.823592; 0.0016676242; 48.020702; 0.0096845461;
11; 6; 0.9501; -340.546853; -1.065242; 853.771202; 0.0016675219; 47.999363; 0.0096823941;
11; 7; 0.9602; -340.571317; -1.064698; 853.906119; 0.0016677854; 47.992076; 0.0096816591;
11; 8; 0.9702; -340.594278; -1.064134; 853.917632; 0.0016678079; 47.976643; 0.0096801024;
11; 9; 0.9802; -340.615820; -1.063553; 853.749693; 0.0016674799; 47.940700; 0.0096764756;
11; 10; 0.9902; -340.636025; -1.062979; 853.904528; 0.0016677823; 47.934629; 0.0096758629;
11; 11; 1.0003; -340.654960; -1.062362; 853.980503; 0.0016679307; 47.909562; 0.0096733326;
11; 12; 1.0103; -340.672697; -1.061749; 854.104381; 0.0016681726; 47.901048; 0.0096724730;
11; 13; 1.0203; -340.689301; -1.061109; 853.896802; 0.0016677672; 47.860376; 0.0096683658;
11; 14; 1.0303; -340.704840; -1.060476; 854.052068; 0.0016680704; 47.850987; 0.0096674174;
11; 15; 1.0404; -340.719361; -1.059823; 854.064508; 0.0016680947; 47.823179; 0.0096646080;
11; 16; 1.0504; -340.732927; -1.059171; 854.093168; 0.0016681507; 47.799223; 0.0096621870;
11; 17; 1.0604; -340.745589; -1.058504; 854.162592; 0.0016682863; 47.778195; 0.0096600615;
11; 18; 1.0704; -340.757405; -1.057777; 854.257894; 0.0016684724; 47.764214; 0.0096586480;
11; 19; 1.0805; -340.768407; -1.057084; 854.204869; 0.0016683689; 47.733951; 0.0096555876;
11; 20; 1.0905; -340.778647; -1.056388; 854.235792; 0.0016684293; 47.712822; 0.0096534505;
11; 21; 1.1005; -340.788168; -1.055675; 854.221496; 0.0016684014; 47.688109; 0.0096509501;
11; 22; 1.1105; -340.797016; -1.054895; 854.266940; 0.0016684901; 47.672807; 0.0096494016;
11; 23; 1.1206; -340.805216; -1.054159; 854.260337; 0.0016684772; 47.647661; 0.0096468564;
11; 24; 1.1306; -340.812810; -1.053415; 854.170566; 0.0016683019; 47.621994; 0.0096442577;
11; 25; 1.1406; -340.819832; -1.052653; 854.105224; 0.0016681743; 47.600824; 0.0096421138;
11; 26; 1.1506; -340.826316; -1.051868; 853.989653; 0.0016679485; 47.577303; 0.0096397313;
11; 27; 1.1607; -340.832297; -1.051014; 853.891690; 0.0016677572; 47.561308; 0.0096381108;
11; 28; 1.1707; -340.837791; -1.050216; 853.735143; 0.0016674515; 47.534948; 0.0096354395;
11; 29; 1.1807; -340.842833; -1.049402; 853.613850; 0.0016672146; 47.510418; 0.0096329531;
11; 30; 1.1907; -340.847450; -1.048561; 853.476596; 0.0016669465; 47.487000; 0.0096305788;
11; 31; 1.2008; -340.851665; -1.047700; 853.340239; 0.0016666802; 47.463050; 0.0096281498;
11; 32; 1.2108; -340.855503; -1.046819; 853.180836; 0.0016663688; 47.438865; 0.0096256965;
11; 33; 1.2208; -340.858986; -1.045913; 852.957364; 0.0016659324; 47.413992; 0.0096231727;
11; 34; 1.2308; -340.862135; -1.044991; 852.716895; 0.0016654627; 47.388403; 0.0096205756;
11; 35; 1.2409; -340.864969; -1.044046; 852.461593; 0.0016649640; 47.361985; 0.0096178936;
11; 36; 1.2509; -340.867508; -1.043097; 852.094926; 0.0016642479; 47.334663; 0.0096151190;
11; 37; 1.2609; -340.869771; -1.042086; 851.778635; 0.0016636301; 47.306408; 0.0096122488;
11; 38; 1.2709; -340.871774; -1.041067; 851.340533; 0.0016627745; 47.277176; 0.0096092786;
11; 39; 1.2810; -340.873534; -1.040023; 850.820523; 0.0016617588; 47.247046; 0.0096062161;
11; 40; 1.2910; -340.875066; -1.038950; 850.263329; 0.0016606706; 47.216130; 0.0096030726;
11; 41; 1.3010; -340.876385; -1.037849; 849.578800; 0.0016593336; 47.184575; 0.0095998632;
11; 42; 1.3110; -340.877506; -1.036716; 848.801665; 0.0016578158; 47.152617; 0.0095966116;
11; 43; 1.3211; -340.878441; -1.035551; 847.889700; 0.0016560346; 47.120424; 0.0095933351;
11; 44; 1.3311; -340.879204; -1.034354; 846.871485; 0.0016540459; 47.088353; 0.0095900698;
11; 45; 1.3411; -340.879807; -1.033121; 845.757756; 0.0016518706; 47.056636; 0.0095868396;
11; 46; 1.3511; -340.880261; -1.031856; 844.610326; 0.0016496295; 47.025527; 0.0095836700;
11; 47; 1.3612; -340.880576; -1.030551; 843.445416; 0.0016473543; 46.995178; 0.0095805771;
11; 48; 1.3712; -340.880765; -1.029213; 842.307816; 0.0016451325; 46.965820; 0.0095775841;
11; 49; 1.3812; -340.880835; -1.027839; 841.152204; 0.0016428754; 46.937634; 0.0095747097;
11; 50; 1.3912; -340.880797; -1.026426; 839.955960; 0.0016405390; 46.910675; 0.0095719597;
11; 51; 1.4013; -340.880660; -1.024978; 838.728852; 0.0016381423; 46.885099; 0.0095693500;
11; 52; 1.4113; -340.880431; -1.023494; 837.530621; 0.0016358020; 46.860875; 0.0095668776;
11; 53; 1.4213; -340.880119; -1.021976; 836.457149; 0.0016337054; 46.837937; 0.0095645359;
11; 54; 1.4313; -340.879731; -1.020423; 835.519413; 0.0016318739; 46.816101; 0.0095623061;
11; 55; 1.4414; -340.879275; -1.018839; 834.658210; 0.0016301918; 46.795172; 0.0095601685;
11; 56; 1.4514; -340.878757; -1.017226; 833.876962; 0.0016286659; 46.774758; 0.0095580829;
11; 57; 1.4614; -340.878183; -1.015585; 833.151455; 0.0016272489; 46.754474; 0.0095560103;
11; 58; 1.4714; -340.877560; -1.013920; 832.561245; 0.0016260962; 46.733937; 0.0095539113;
11; 59; 1.4815; -340.876893; -1.012232; 832.234258; 0.0016254575; 46.712803; 0.0095517508;
11; 60; 1.4915; -340.876188; -1.010525; 832.088943; 0.0016251737; 46.690848; 0.0095495058;
11; 61; 1.5015; -340.875449; -1.008804; 832.105057; 0.0016252052; 46.668043; 0.0095471735;
11; 62; 1.5115; -340.874681; -1.007071; 832.284553; 0.0016255558; 46.644425; 0.0095447573;
11; 63; 1.5216; -340.873889; -1.005325; 832.774061; 0.0016265118; 46.620233; 0.0095422818;
11; 64; 1.5316; -340.873077; -1.003584; 833.546821; 0.0016280211; 46.595745; 0.0095397754;
11; 65; 1.5416; -340.872248; -1.001838; 834.516629; 0.0016299153; 46.571277; 0.0095372704;
11; 66; 1.5516; -340.871406; -1.000096; 835.667341; 0.0016321628; 46.547126; 0.0095347971;
11; 67; 1.5617; -340.870555; -0.998362; 837.136225; 0.0016350317; 46.523583; 0.0095323855;
11; 68; 1.5717; -340.869696; -0.996640; 838.808308; 0.0016382975; 46.500864; 0.0095300577;
11; 69; 1.5817; -340.868834; -0.994935; 840.554029; 0.0016417071; 46.479206; 0.0095278381;
11; 70; 1.5917; -340.867970; -0.993249; 842.409423; 0.0016453309; 46.458820; 0.0095257484;
11; 71; 1.6018; -340.867108; -0.991588; 844.372904; 0.0016491658; 46.439888; 0.0095238073;
11; 72; 1.6118; -340.866249; -0.989954; 846.379194; 0.0016530844; 46.422518; 0.0095220261;
11; 73; 1.6218; -340.865395; -0.988329; 848.354223; 0.0016569418; 46.406882; 0.0095204224;
11; 74; 1.6318; -340.864547; -0.986784; 850.288219; 0.0016607192; 46.392786; 0.0095189763;
11; 75; 1.6419; -340.863709; -0.985253; 852.149137; 0.0016643538; 46.380470; 0.0095177127;
11; 76; 1.6519; -340.862880; -0.983764; 854.000689; 0.0016679701; 46.369803; 0.0095166181;
11; 77; 1.6619; -340.862063; -0.982317; 855.796366; 0.0016714773; 46.360632; 0.0095156770;
11; 78; 1.6719; -340.861258; -0.980916; 857.510205; 0.0016748246; 46.352788; 0.0095148720;
11; 79; 1.6820; -340.860466; -0.979562; 859.092939; 0.0016779159; 46.345858; 0.0095141607;
11; 80; 1.6920; -340.859688; -0.978259; 860.537085; 0.0016807365; 46.339416; 0.0095134995;
11; 81; 1.7020; -340.858925; -0.977006; 861.810267; 0.0016832232; 46.332705; 0.0095128105;
11; 82; 1.7120; -340.858178; -0.975808; 862.902323; 0.0016853561; 46.324733; 0.0095119922;
11; 83; 1.7221; -340.857446; -0.974658; 863.795981; 0.0016871015; 46.314310; 0.0095109220;
11; 84; 1.7321; -340.856730; -0.973564; 864.503842; 0.0016884841; 46.300241; 0.0095094773;
11; 85; 1.7421; -340.856032; -0.972523; 865.058343; 0.0016895671; 46.281411; 0.0095075434;
11; 86; 1.7521; -340.855349; -0.971538; 865.409840; 0.0016902536; 46.257120; 0.0095050480;
11; 87; 1.7622; -340.854684; -0.970605; 865.588533; 0.0016906026; 46.227169; 0.0095019703;
11; 88; 1.7722; -340.854035; -0.969726; 865.589851; 0.0016906052; 46.192074; 0.0094983627;
11; 89; 1.7822; -340.853404; -0.968899; 865.428086; 0.0016902892; 46.152710; 0.0094943147;
11; 90; 1.7922; -340.852789; -0.968012; 823.200200; 0.0016078129; 46.103917; 0.0094892947;
11; 91; 1.8023; -340.852192; -0.967398; 864.651843; 0.0016887731; 46.065723; 0.0094853633;
11; 92; 1.8123; -340.851610; -0.966721; 864.022962; 0.0016875448; 46.020257; 0.0094806811;
11; 93; 1.8223; -340.851046; -0.966092; 863.239500; 0.0016860146; 45.974602; 0.0094759772;
11; 94; 1.8323; -340.850497; -0.965509; 862.318964; 0.0016842167; 45.929437; 0.0094713215;
11; 95; 1.8424; -340.849965; -0.964971; 861.265436; 0.0016821591; 45.885222; 0.0094667615;
11; 96; 1.8524; -340.849448; -0.964476; 860.093433; 0.0016798700; 45.842359; 0.0094623389;
11; 97; 1.8624; -340.848947; -0.964021; 858.815525; 0.0016773741; 45.801214; 0.0094580915;
11; 98; 1.8724; -340.848461; -0.963606; 857.451381; 0.0016747097; 45.762039; 0.0094540458;
11; 99; 1.8825; -340.847989; -0.963228; 856.018045; 0.0016719102; 45.725093; 0.0094502287;
11; 100; 1.8925; -340.847532; -0.962886; 854.522050; 0.0016689884; 45.690527; 0.0094466560;
11; 101; 1.9025; -340.847089; -0.962578; 852.972546; 0.0016659620; 45.658479; 0.0094433424;
11; 102; 1.9125; -340.846659; -0.962303; 851.379366; 0.0016628503; 45.628997; 0.0094402932;
11; 103; 1.9226; -340.846243; -0.962058; 849.739760; 0.0016596480; 45.602089; 0.0094375092;
11; 104; 1.9326; -340.845840; -0.961842; 848.074963; 0.0016563964; 45.577726; 0.0094349879;
11; 105; 1.9426; -340.845450; -0.961653; 846.380263; 0.0016530865; 45.555767; 0.0094327148;
11; 106; 1.9526; -340.845071; -0.961490; 844.669121; 0.0016497444; 45.536059; 0.0094306742;
11; 107; 1.9627; -340.844705; -0.961350; 842.945586; 0.0016463781; 45.518202; 0.0094288248;
11; 108; 1.9727; -340.844350; -0.961234; 841.210114; 0.0016429885; 45.501696; 0.0094271151;
11; 109; 1.9827; -340.844006; -0.961140; 839.456331; 0.0016395631; 45.485722; 0.0094254602;
11; 110; 1.9927; -340.843673; -0.961065; 837.702716; 0.0016361381; 45.469235; 0.0094237519;
11; 111; 2.0028; -340.843350; -0.961009; 835.941676; 0.0016326986; 45.450884; 0.0094218500;
11; 112; 2.0128; -340.843037; -0.960970; 834.190172; 0.0016292777; 45.429252; 0.0094196076;
11; 113; 2.0228; -340.842735; -0.960948; 832.441636; 0.0016258626; 45.402900; 0.0094168753;
11; 114; 2.0328; -340.842441; -0.960941; 830.711145; 0.0016224827; 45.370799; 0.0094135456;
11; 115; 2.0429; -340.842156; -0.960949; 828.984998; 0.0016191113; 45.332637; 0.0094095859;
11; 116; 2.0529; -340.841880; -0.960969; 827.271770; 0.0016157652; 45.288852; 0.0094050406;
11; 117; 2.0629; -340.841613; -0.961002; 825.569582; 0.0016124406; 45.240529; 0.0094000217;
11; 118; 2.0729; -340.841353; -0.961046; 823.892172; 0.0016091644; 45.189098; 0.0093946771;
11; 119; 2.0830; -340.841102; -0.961101; 822.237789; 0.0016059332; 45.136098; 0.0093891661;
11; 120; 2.0930; -340.840857; -0.961165; 820.596903; 0.0016027283; 45.082947; 0.0093836363;
11; 121; 2.1030; -340.840620; -0.961239; 818.963211; 0.0015995375; 45.030744; 0.0093782019;
11; 122; 2.1130; -340.840390; -0.961320; 817.342132; 0.0015963714; 44.980431; 0.0093729614;
11; 123; 2.1231; -340.840167; -0.961409; 815.740850; 0.0015932438; 44.932611; 0.0093679777;
11; 124; 2.1331; -340.839949; -0.961506; 814.158994; 0.0015901543; 44.887731; 0.0093632980;
11; 125; 2.1431; -340.839738; -0.961609; 812.598342; 0.0015871061; 44.845924; 0.0093589366;
11; 126; 2.1531; -340.839533; -0.961718; 811.057868; 0.0015840974; 44.807859; 0.0093549640;
11; 127; 2.1632; -340.839334; -0.961831; 809.533234; 0.0015811196; 44.773490; 0.0093513754;
11; 128; 2.1732; -340.839139; -0.961946; 808.032518; 0.0015781885; 44.743070; 0.0093481982;
11; 129; 2.1832; -340.838950; -0.962071; 806.548886; 0.0015752908; 44.716435; 0.0093454153;
11; 130; 2.1932; -340.838766; -0.962199; 805.082560; 0.0015724269; 44.693935; 0.0093430638;
11; 131; 2.2033; -340.838587; -0.962330; 803.647151; 0.0015696233; 44.675463; 0.0093411329;
11; 132; 2.2133; -340.838412; -0.962463; 802.238151; 0.0015668714; 44.660974; 0.0093396180;
11; 133; 2.2233; -340.838242; -0.962599; 800.858721; 0.0015641772; 44.650280; 0.0093384997;
11; 134; 2.2333; -340.838075; -0.962738; 799.501480; 0.0015615263; 44.643306; 0.0093377705;
11; 135; 2.2434; -340.837913; -0.962879; 798.184165; 0.0015589534; 44.639757; 0.0093373992;
11; 136; 2.2534; -340.837754; -0.963021; 796.887329; 0.0015564206; 44.639339; 0.0093373555;
11; 137; 2.2634; -340.837600; -0.963165; 795.615646; 0.0015539368; 44.641558; 0.0093375876;
11; 138; 2.2734; -340.837448; -0.963311; 794.369527; 0.0015515030; 44.645832; 0.0093380346;
11; 139; 2.2835; -340.837300; -0.963457; 793.145695; 0.0015491127; 44.651338; 0.0093386104;
11; 140; 2.2935; -340.837155; -0.963605; 791.937476; 0.0015467529; 44.656973; 0.0093391997;
11; 141; 2.3035; -340.837013; -0.963752; 790.746805; 0.0015444274; 44.661358; 0.0093396582;
11; 142; 2.3135; -340.836874; -0.963901; 789.567173; 0.0015421234; 44.662990; 0.0093398288;
11; 143; 2.3236; -340.836738; -0.964050; 788.394374; 0.0015398328; 44.660295; 0.0093395470;
11; 144; 2.3336; -340.836604; -0.964199; 787.254780; 0.0015376070; 44.651901; 0.0093386693;
11; 145; 2.3436; -340.836473; -0.964347; 786.141538; 0.0015354327; 44.636839; 0.0093370941;
11; 146; 2.3536; -340.836344; -0.964496; 785.026127; 0.0015332542; 44.614750; 0.0093347835;
11; 147; 2.3637; -340.836220; -0.964666; 783.930635; 0.0015311145; 44.589142; 0.0093321042;
11; 148; 2.3737; -340.836093; -0.964806; 782.839365; 0.0015289831; 44.554398; 0.0093284677;
11; 149; 2.3837; -340.835968; -0.964954; 781.774704; 0.0015269037; 44.514458; 0.0093242855;
11; 150; 2.3937; -340.835845; -0.965096; 780.722716; 0.0015248491; 44.471601; 0.0093197959;
11; 151; 2.4038; -340.835724; -0.965238; 779.678256; 0.0015228091; 44.427356; 0.0093151586;
11; 152; 2.4138; -340.835606; -0.965381; 778.637949; 0.0015207772; 44.382724; 0.0093104784;
11; 153; 2.4238; -340.835490; -0.965522; 777.609049; 0.0015187677; 44.338360; 0.0093058240;
11; 154; 2.4338; -340.835375; -0.965662; 776.673985; 0.0015169414; 44.296520; 0.0093014322;
11; 155; 2.4439; -340.835262; -0.965794; 775.742594; 0.0015151223; 44.255205; 0.0092970935;
11; 156; 2.4539; -340.835151; -0.965930; 774.820699; 0.0015133217; 44.214692; 0.0092928371;
11; 157; 2.4639; -340.835062; -0.966078; 773.648023; 0.0015110313; 44.158537; 0.0092869340;
11; 158; 2.4739; -340.834952; -0.966235; 772.834843; 0.0015094431; 44.125822; 0.0092834932;
11; 159; 2.4840; -340.834841; -0.966360; 771.996199; 0.0015078051; 44.091139; 0.0092798440;
11; 160; 2.4940; -340.834733; -0.966485; 771.146610; 0.0015061457; 44.056580; 0.0092762066;
11; 161; 2.5040; -340.834627; -0.966610; 770.278855; 0.0015044509; 44.022672; 0.0092726361;
11; 162; 2.5140; -340.834539; -0.966723; 769.169660; 0.0015022845; 43.966722; 0.0092667419;
11; 163; 2.5241; -340.834435; -0.966893; 768.350090; 0.0015006838; 43.943674; 0.0092643126;
11; 164; 2.5341; -340.834331; -0.967013; 767.534438; 0.0014990907; 43.916858; 0.0092614855;
11; 165; 2.5441; -340.834229; -0.967131; 766.689040; 0.0014974395; 43.889711; 0.0092586226;
11; 166; 2.5541; -340.834145; -0.967242; 765.608119; 0.0014953284; 43.834631; 0.0092528111;
11; 167; 2.5642; -340.834046; -0.967404; 764.845691; 0.0014938392; 43.820497; 0.0092513193;
11; 168; 2.5742; -340.833946; -0.967517; 764.083001; 0.0014923496; 43.801634; 0.0092493279;
11; 169; 2.5842; -340.833848; -0.967629; 763.303338; 0.0014908268; 43.782076; 0.0092472627;
11; 170; 2.5942; -340.833769; -0.967740; 762.264619; 0.0014887981; 43.730197; 0.0092417824;
11; 171; 2.6043; -340.833673; -0.967894; 761.550081; 0.0014874025; 43.725365; 0.0092412717;
11; 172; 2.6143; -340.833577; -0.967999; 760.815144; 0.0014859671; 43.714154; 0.0092400869;
11; 173; 2.6243; -340.833483; -0.968105; 760.050580; 0.0014844738; 43.700810; 0.0092386765;
11; 174; 2.6343; -340.833408; -0.968215; 759.026474; 0.0014824736; 43.653683; 0.0092336937;
11; 175; 2.6444; -340.833316; -0.968362; 758.317740; 0.0014810893; 43.651389; 0.0092334511;
11; 176; 2.6544; -340.833223; -0.968459; 757.586560; 0.0014796612; 43.638678; 0.0092321066;
11; 177; 2.6644; -340.833133; -0.968558; 756.842397; 0.0014782078; 43.619446; 0.0092300721;
11; 178; 2.6744; -340.833062; -0.968670; 755.861981; 0.0014762929; 43.570418; 0.0092248833;
11; 179; 2.6845; -340.832973; -0.968807; 755.201179; 0.0014750023; 43.551959; 0.0092229290;
11; 180; 2.6945; -340.832884; -0.968897; 754.506812; 0.0014736461; 43.520350; 0.0092195815;
11; 181; 2.7045; -340.832812; -0.968998; 753.568831; 0.0014718141; 43.467910; 0.0092140253;
11; 182; 2.7145; -340.832725; -0.969127; 752.891120; 0.0014704905; 43.431926; 0.0092102106;
11; 183; 2.7246; -340.832638; -0.969211; 752.190622; 0.0014691223; 43.387109; 0.0092054575;
11; 184; 2.7346; -340.832568; -0.969311; 751.258490; 0.0014673017; 43.330486; 0.0091994487;
11; 185; 2.7446; -340.832484; -0.969433; 750.611985; 0.0014660390; 43.286146; 0.0091947406;
11; 186; 2.7546; -340.832399; -0.969512; 749.943955; 0.0014647343; 43.237754; 0.0091895995;
11; 187; 2.7647; -340.832331; -0.969606; 749.054810; 0.0014629977; 43.180679; 0.0091835322;
11; 188; 2.7747; -340.832249; -0.969723; 748.421229; 0.0014617602; 43.137536; 0.0091789433;
11; 189; 2.7847; -340.832166; -0.969802; 747.763659; 0.0014604759; 43.092759; 0.0091741781;
11; 190; 2.7947; -340.832102; -0.969895; 746.888088; 0.0014587658; 43.038895; 0.0091684427;
11; 191; 2.8048; -340.832022; -0.970008; 746.262558; 0.0014575441; 43.003060; 0.0091646250;
11; 192; 2.8148; -340.831941; -0.970081; 745.611501; 0.0014562725; 42.966510; 0.0091607295;
11; 193; 2.8248; -340.831879; -0.970176; 744.750647; 0.0014545911; 42.920125; 0.0091557834;
11; 194; 2.8348; -340.831801; -0.970279; 744.174211; 0.0014534653; 42.894736; 0.0091530749;
11; 195; 2.8449; -340.831722; -0.970346; 743.584318; 0.0014523131; 42.868855; 0.0091503132;
11; 196; 2.8549; -340.831662; -0.970440; 742.810546; 0.0014508018; 42.832175; 0.0091463977;
11; 197; 2.8649; -340.831586; -0.970541; 742.279515; 0.0014497647; 42.818191; 0.0091449046;
11; 198; 2.8749; -340.831510; -0.970604; 741.733388; 0.0014486980; 42.803515; 0.0091433372;
11; 199; 2.8850; -340.831452; -0.970696; 740.988285; 0.0014472427; 42.776379; 0.0091404384;
11; 200; 2.8950; -340.831379; -0.970792; 740.479022; 0.0014462481; 42.773255; 0.0091401046;
11; 201; 2.9050; -340.831304; -0.970852; 739.945946; 0.0014452069; 42.768725; 0.0091396206;
11; 202; 2.9150; -340.831249; -0.970942; 739.205782; 0.0014437613; 42.748903; 0.0091375025;
11; 203; 2.9251; -340.831177; -0.971033; 738.701555; 0.0014427765; 42.754786; 0.0091381312;
11; 204; 2.9351; -340.831105; -0.971087; 738.180039; 0.0014417579; 42.758144; 0.0091384900;
11; 205; 2.9451; -340.831052; -0.971182; 737.440684; 0.0014403138; 42.742134; 0.0091367790;
11; 206; 2.9551; -340.830982; -0.971264; 736.962576; 0.0014393800; 42.754460; 0.0091380963;
11; 207; 2.9652; -340.830912; -0.971314; 736.453281; 0.0014383853; 42.762685; 0.0091389753;
11; 208; 2.9752; -340.830861; -0.971404; 735.700177; 0.0014369144; 42.746739; 0.0091372711;
11; 209; 2.9852; -340.830793; -0.971483; 735.220269; 0.0014359771; 42.762201; 0.0091389236;
11; 210; 2.9952; -340.830725; -0.971531; 734.701387; 0.0014349636; 42.771174; 0.0091398823;
11; 211; 3.0053; -340.830676; -0.971623; 733.929652; 0.0014334564; 42.751587; 0.0091377893;
11; 212; 3.0153; -340.830610; -0.971695; 733.450515; 0.0014325205; 42.764256; 0.0091391432;
11; 213; 3.0253; -340.830543; -0.971738; 732.948389; 0.0014315398; 42.766673; 0.0091394014;
11; 214; 3.0353; -340.830497; -0.971830; 732.207263; 0.0014300923; 42.738920; 0.0091364354;
11; 215; 3.0454; -340.830433; -0.971898; 731.733481; 0.0014291670; 42.738532; 0.0091363940;
11; 216; 3.0554; -340.830368; -0.971939; 731.219763; 0.0014281636; 42.724341; 0.0091348771;
11; 217; 3.0654; -340.830323; -0.972029; 730.456526; 0.0014266729; 42.683787; 0.0091305406;
11; 218; 3.0754; -340.830261; -0.972092; 729.971434; 0.0014257255; 42.661781; 0.0091281866;
11; 219; 3.0855; -340.830198; -0.972127; 729.438504; 0.0014246846; 42.627107; 0.0091244764;
11; 220; 3.0955; -340.830156; -0.972219; 728.679980; 0.0014232031; 42.574307; 0.0091188235;
11; 221; 3.1055; -340.830096; -0.972277; 728.195791; 0.0014222574; 42.534633; 0.0091145738;
11; 222; 3.1155; -340.830034; -0.972310; 727.670099; 0.0014212307; 42.487268; 0.0091094975;
11; 223; 3.1256; -340.829994; -0.972399; 726.926422; 0.0014197782; 42.427604; 0.0091030992;
11; 224; 3.1356; -340.829936; -0.972456; 726.449357; 0.0014188464; 42.380937; 0.0090980915;
11; 225; 3.1456; -340.829876; -0.972485; 725.930525; 0.0014178331; 42.330099; 0.0090926330;
11; 226; 3.1556; -340.829838; -0.972576; 725.174488; 0.0014163564; 42.267403; 0.0090858968;
11; 227; 3.1657; -340.829781; -0.972627; 724.690794; 0.0014154117; 42.220756; 0.0090808818;
11; 228; 3.1757; -340.829724; -0.972653; 724.168199; 0.0014143910; 42.170918; 0.0090755206;
11; 229; 3.1857; -340.829687; -0.972745; 723.424302; 0.0014129381; 42.105412; 0.0090684692;
11; 230; 3.1957; -340.829633; -0.972797; 722.958196; 0.0014120277; 42.061387; 0.0090637269;
11; 231; 3.2058; -340.829577; -0.972815; 722.479409; 0.0014110926; 42.014024; 0.0090586225;
11; 232; 3.2158; -340.829542; -0.972903; 721.776282; 0.0014097193; 41.946099; 0.0090512968;
11; 233; 3.2258; -340.829489; -0.972950; 721.346101; 0.0014088791; 41.907141; 0.0090470926;
11; 234; 3.2358; -340.829435; -0.972970; 720.883208; 0.0014079750; 41.864796; 0.0090425207;
11; 235; 3.2459; -340.829403; -0.973060; 720.180189; 0.0014066019; 41.798515; 0.0090353597;
11; 236; 3.2559; -340.829351; -0.973106; 719.759972; 0.0014057812; 41.767487; 0.0090320055;
11; 237; 3.2659; -340.829299; -0.973118; 719.307486; 0.0014048974; 41.732936; 0.0090282690;
11; 238; 3.2759; -340.829268; -0.973209; 718.605927; 0.0014035272; 41.672309; 0.0090217088;
11; 239; 3.2860; -340.829219; -0.973247; 718.185613; 0.0014027063; 41.650895; 0.0090193904;
11; 240; 3.2960; -340.829168; -0.973261; 717.734056; 0.0014018243; 41.625730; 0.0090166653;
11; 241; 3.3060; -340.829139; -0.973351; 717.043647; 0.0014004759; 41.573158; 0.0090109696;
11; 242; 3.3160; -340.829091; -0.973385; 716.648917; 0.0013997049; 41.561817; 0.0090097405;
11; 243; 3.3261; -340.829042; -0.973397; 716.230526; 0.0013988877; 41.546393; 0.0090080685;
11; 244; 3.3361; -340.829014; -0.973486; 715.582123; 0.0013976213; 41.502576; 0.0090033171;
11; 245; 3.3461; -340.828968; -0.973517; 715.207584; 0.0013968898; 41.500867; 0.0090031317;
11; 246; 3.3561; -340.828921; -0.973527; 714.807100; 0.0013961076; 41.494583; 0.0090024501;
11; 247; 3.3662; -340.828895; -0.973616; 714.154052; 0.0013948321; 41.458665; 0.0089985530;
11; 248; 3.3762; -340.828850; -0.973645; 713.781530; 0.0013941046; 41.464917; 0.0089992314;
11; 249; 3.3862; -340.828804; -0.973651; 713.370209; 0.0013933012; 41.465496; 0.0089992942;
11; 250; 3.3962; -340.828780; -0.973741; 712.700677; 0.0013919935; 41.435225; 0.0089960088;
11; 251; 3.4063; -340.828736; -0.973771; 712.315085; 0.0013912404; 41.445631; 0.0089971384;
11; 252; 3.4163; -340.828692; -0.973771; 711.906524; 0.0013904424; 41.448079; 0.0089974041;
11; 253; 3.4263; -340.828669; -0.973860; 711.250676; 0.0013891615; 41.420379; 0.0089943970;
11; 254; 3.4363; -340.828627; -0.973887; 710.873411; 0.0013884246; 41.427098; 0.0089951265;
11; 255; 3.4464; -340.828598; -0.973941; 710.270355; 0.0013872468; 41.404886; 0.0089927147;
11; 256; 3.4564; -340.828557; -0.973960; 709.888813; 0.0013865016; 41.403754; 0.0089925918;
11; 257; 3.4664; -340.828529; -0.974014; 709.305187; 0.0013853617; 41.378401; 0.0089898381;
11; 258; 3.4764; -340.828489; -0.974033; 708.916827; 0.0013846032; 41.366338; 0.0089885276;
11; 259; 3.4865; -340.828461; -0.974089; 708.336902; 0.0013834705; 41.336811; 0.0089853191;
11; 260; 3.4965; -340.828422; -0.974105; 707.949951; 0.0013827147; 41.314702; 0.0089829159;
11; 261; 3.5065; -340.828395; -0.974158; 707.358815; 0.0013815602; 41.282555; 0.0089794204;
11; 262; 3.5165; -340.828357; -0.974174; 706.953497; 0.0013807685; 41.254182; 0.0089763341;
11; 263; 3.5266; -340.828331; -0.974227; 706.369173; 0.0013796273; 41.221697; 0.0089727992;
11; 264; 3.5366; -340.828294; -0.974242; 705.958808; 0.0013788258; 41.191281; 0.0089694884;
11; 265; 3.5466; -340.828269; -0.974295; 705.372137; 0.0013776800; 41.160225; 0.0089661065;
11; 266; 3.5566; -340.828233; -0.974308; 704.976067; 0.0013769064; 41.130828; 0.0089629040;
11; 267; 3.5667; -340.828209; -0.974362; 704.375732; 0.0013757339; 41.101942; 0.0089597562;
11; 268; 3.5767; -340.828173; -0.974373; 703.970573; 0.0013749425; 41.075074; 0.0089568272;
11; 269; 3.5867; -340.828150; -0.974426; 703.354246; 0.0013737388; 41.047949; 0.0089538693;
11; 270; 3.5967; -340.828115; -0.974436; 702.937300; 0.0013729244; 41.023916; 0.0089512477;
11; 271; 3.6068; -340.828093; -0.974487; 702.307937; 0.0013716952; 40.997375; 0.0089483517;
11; 272; 3.6168; -340.828059; -0.974497; 701.888045; 0.0013708751; 40.975748; 0.0089459911;
11; 273; 3.6268; -340.828037; -0.974548; 701.273343; 0.0013696745; 40.948093; 0.0089429718;
11; 274; 3.6368; -340.828004; -0.974556; 700.877462; 0.0013689013; 40.928373; 0.0089408182;
11; 275; 3.6469; -340.827983; -0.974607; 700.302819; 0.0013677789; 40.898403; 0.0089375440;
11; 276; 3.6569; -340.827950; -0.974614; 699.926147; 0.0013670433; 40.880592; 0.0089355977;
11; 277; 3.6669; -340.827930; -0.974664; 699.352174; 0.0013659222; 40.848348; 0.0089320731;
11; 278; 3.6769; -340.827898; -0.974670; 698.992827; 0.0013652204; 40.832931; 0.0089303873;
11; 279; 3.6870; -340.827878; -0.974719; 698.446659; 0.0013641536; 40.799281; 0.0089267069;
11; 280; 3.6970; -340.827847; -0.974724; 698.095745; 0.0013634683; 40.786620; 0.0089253217;
11; 281; 3.7070; -340.827828; -0.974774; 697.551494; 0.0013624053; 40.752184; 0.0089215531;
11; 282; 3.7170; -340.827797; -0.974777; 697.198310; 0.0013617154; 40.742421; 0.0089204844;
11; 283; 3.7271; -340.827779; -0.974827; 696.657398; 0.0013606590; 40.707553; 0.0089166664;
11; 284; 3.7371; -340.827749; -0.974829; 696.318828; 0.0013599977; 40.700669; 0.0089159124;
11; 285; 3.7471; -340.827732; -0.974878; 695.783765; 0.0013589527; 40.665648; 0.0089120757;
11; 286; 3.7571; -340.827702; -0.974879; 695.463188; 0.0013583265; 40.661468; 0.0089116177;
11; 287; 3.7672; -340.827685; -0.974929; 694.959563; 0.0013573429; 40.626233; 0.0089077557;
11; 288; 3.7772; -340.827656; -0.974929; 694.648121; 0.0013567346; 40.624482; 0.0089075637;
11; 289; 3.7872; -340.827640; -0.974978; 694.142451; 0.0013557470; 40.588979; 0.0089036705;
11; 290; 3.7972; -340.827611; -0.974977; 693.828286; 0.0013551334; 40.589148; 0.0089036891;
11; 291; 3.8073; -340.827596; -0.975026; 693.308495; 0.0013541182; 40.553020; 0.0088997257;
11; 292; 3.8173; -340.827568; -0.975024; 692.981423; 0.0013534793; 40.554188; 0.0088998538;
11; 293; 3.8273; -340.827553; -0.975074; 692.442759; 0.0013524273; 40.516835; 0.0088957543;
11; 294; 3.8373; -340.827526; -0.975070; 692.111141; 0.0013517796; 40.517088; 0.0088957820;
11; 295; 3.8474; -340.827511; -0.975118; 691.577723; 0.0013507377; 40.477311; 0.0088914143;
11; 296; 3.8574; -340.827484; -0.975115; 691.248157; 0.0013500941; 40.473589; 0.0088910055;
11; 297; 3.8674; -340.827470; -0.975166; 690.718918; 0.0013490604; 40.429785; 0.0088861929;
11; 298; 3.8774; -340.827444; -0.975159; 690.387014; 0.0013484121; 40.418358; 0.0088849370;
11; 299; 3.8875; -340.827431; -0.975210; 689.839572; 0.0013473429; 40.369020; 0.0088795125;
11; 300; 3.8975; -340.827405; -0.975203; 689.483594; 0.0013466476; 40.346664; 0.0088770534;
11; 301; 3.9075; -340.827392; -0.975253; 688.922708; 0.0013455522; 40.291682; 0.0088710029;
11; 302; 3.9175; -340.827367; -0.975245; 688.570915; 0.0013448651; 40.257823; 0.0088672747;
11; 303; 3.9276; -340.827354; -0.975294; 688.003340; 0.0013437565; 40.198696; 0.0088607606;
11; 304; 3.9376; -340.827330; -0.975287; 687.639798; 0.0013430465; 40.156376; 0.0088560952;
11; 305; 3.9476; -340.827318; -0.975337; 687.074077; 0.0013419416; 40.096121; 0.0088494483;
11; 306; 3.9576; -340.827294; -0.975327; 686.699932; 0.0013412108; 40.049905; 0.0088443468;
11; 307; 3.9677; -340.827282; -0.975377; 686.135294; 0.0013401080; 39.991455; 0.0088378906;
11; 308; 3.9777; -340.827258; -0.975366; 685.756283; 0.0013393677; 39.945531; 0.0088328147;
11; 309; 3.9877; -340.827247; -0.975416; 685.192414; 0.0013382664; 39.891027; 0.0088267866;
11; 310; 3.9977; -340.827224; -0.975404; 684.822351; 0.0013375437; 39.848261; 0.0088220539;
11; 311; 4.0078; -340.827213; -0.975453; 684.262219; 0.0013364496; 39.798908; 0.0088165891;
11; 312; 4.0178; -340.827190; -0.975441; 683.893388; 0.0013357293; 39.760778; 0.0088123646;
11; 313; 4.0278; -340.827180; -0.975491; 683.336670; 0.0013346419; 39.716849; 0.0088074952;
11; 314; 4.0378; -340.827157; -0.975477; 682.966962; 0.0013339198; 39.683890; 0.0088038399;
11; 315; 4.0479; -340.827147; -0.975525; 682.399567; 0.0013328117; 39.645011; 0.0087995263;
11; 316; 4.0579; -340.827125; -0.975513; 682.021045; 0.0013320724; 39.617183; 0.0087964374;
11; 317; 4.0679; -340.827115; -0.975562; 681.437387; 0.0013309324; 39.582459; 0.0087925816;
11; 318; 4.0779; -340.827093; -0.975548; 681.052647; 0.0013301810; 39.559408; 0.0087900210;
11; 319; 4.0880; -340.827084; -0.975594; 680.472144; 0.0013290472; 39.527572; 0.0087864834;
11; 320; 4.0980; -340.827062; -0.975582; 680.109540; 0.0013283389; 39.508877; 0.0087844053;
11; 321; 4.1080; -340.827053; -0.975630; 679.572875; 0.0013272908; 39.478937; 0.0087810762;
11; 322; 4.1180; -340.827032; -0.975615; 679.238371; 0.0013266374; 39.464652; 0.0087794873;
11; 323; 4.1281; -340.827023; -0.975664; 678.706426; 0.0013255985; 39.436778; 0.0087763863;
11; 324; 4.1381; -340.827002; -0.975648; 678.375661; 0.0013249525; 39.427452; 0.0087753485;
11; 325; 4.1481; -340.826994; -0.975696; 677.839424; 0.0013239051; 39.402655; 0.0087725886;
11; 326; 4.1581; -340.826973; -0.975681; 677.510258; 0.0013232622; 39.398821; 0.0087721618;
11; 327; 4.1682; -340.826965; -0.975728; 676.999380; 0.0013222644; 39.378048; 0.0087698489;
11; 328; 4.1782; -340.826945; -0.975713; 676.690595; 0.0013216613; 39.379961; 0.0087700620;
11; 329; 4.1882; -340.826937; -0.975760; 676.182612; 0.0013206692; 39.363705; 0.0087682516;
11; 330; 4.1982; -340.826917; -0.975742; 675.887812; 0.0013200934; 39.371291; 0.0087690965;
11; 331; 4.2083; -340.826910; -0.975790; 675.373814; 0.0013190895; 39.359653; 0.0087678003;
11; 332; 4.2183; -340.826890; -0.975772; 675.075586; 0.0013185070; 39.372568; 0.0087692387;
11; 333; 4.2283; -340.826883; -0.975821; 674.577257; 0.0013175337; 39.365118; 0.0087684090;
11; 334; 4.2383; -340.826864; -0.975802; 674.294424; 0.0013169813; 39.382719; 0.0087703691;
11; 335; 4.2484; -340.826857; -0.975850; 673.817706; 0.0013160502; 39.378750; 0.0087699271;
11; 336; 4.2584; -340.826838; -0.975831; 673.539060; 0.0013155060; 39.399951; 0.0087722876;
11; 337; 4.2684; -340.826831; -0.975880; 673.060178; 0.0013145707; 39.398236; 0.0087720966;
11; 338; 4.2784; -340.826813; -0.975860; 672.785016; 0.0013140332; 39.421263; 0.0087746598;
11; 339; 4.2885; -340.826807; -0.975908; 672.343316; 0.0013131705; 39.419906; 0.0087745087;
11; 340; 4.2985; -340.826788; -0.975888; 672.098444; 0.0013126923; 39.441857; 0.0087769515;
11; 341; 4.3085; -340.826782; -0.975934; 671.663217; 0.0013118422; 39.438180; 0.0087765423;
11; 342; 4.3185; -340.826764; -0.975917; 671.394600; 0.0013113176; 39.454972; 0.0087784105;
11; 343; 4.3286; -340.826759; -0.975964; 670.944777; 0.0013104390; 39.445776; 0.0087773875;
11; 344; 4.3386; -340.826741; -0.975944; 670.662544; 0.0013098878; 39.452696; 0.0087781574;
11; 345; 4.3486; -340.826736; -0.975991; 670.194690; 0.0013089740; 39.434909; 0.0087761783;
11; 346; 4.3586; -340.826718; -0.975969; 669.903491; 0.0013084053; 39.428199; 0.0087754317;
11; 347; 4.3687; -340.826713; -0.976014; 669.414342; 0.0013074499; 39.400070; 0.0087723008;
11; 348; 4.3787; -340.826695; -0.975995; 669.096402; 0.0013068289; 39.379028; 0.0087699581;
11; 349; 4.3887; -340.826691; -0.976040; 668.606908; 0.0013058729; 39.341002; 0.0087657227;
11; 350; 4.3987; -340.826673; -0.976022; 668.290720; 0.0013052553; 39.308270; 0.0087620754;
11; 351; 4.4088; -340.826669; -0.976066; 667.802795; 0.0013043023; 39.262329; 0.0087569536;
11; 352; 4.4188; -340.826652; -0.976046; 667.472864; 0.0013036579; 39.221997; 0.0087524547;
11; 353; 4.4288; -340.826647; -0.976092; 666.969282; 0.0013026744; 39.170576; 0.0087467154;
11; 354; 4.4388; -340.826630; -0.976068; 666.627476; 0.0013020068; 39.126451; 0.0087417875;
11; 355; 4.4489; -340.826626; -0.976116; 666.126942; 0.0013010292; 39.071683; 0.0087356671;
11; 356; 4.4589; -340.826609; -0.976092; 665.788790; 0.0013003687; 39.026636; 0.0087306299;
11; 357; 4.4689; -340.826605; -0.976140; 665.281376; 0.0012993777; 38.970225; 0.0087243177;
11; 358; 4.4789; -340.826588; -0.976115; 664.945378; 0.0012987214; 38.926101; 0.0087193773;
11; 359; 4.4890; -340.826585; -0.976160; 664.423920; 0.0012977030; 38.869358; 0.0087130198;
11; 360; 4.4990; -340.826568; -0.976138; 664.086922; 0.0012970448; 38.827296; 0.0087083042;
11; 361; 4.5090; -340.826564; -0.976183; 663.566164; 0.0012960277; 38.771193; 0.0087020105;
11; 362; 4.5190; -340.826548; -0.976162; 663.224991; 0.0012953613; 38.731976; 0.0086976083;
11; 363; 4.5291; -340.826545; -0.976206; 662.687596; 0.0012943117; 38.677180; 0.0086914537;
11; 364; 4.5391; -340.826529; -0.976183; 662.339854; 0.0012936325; 38.641221; 0.0086874124;
11; 365; 4.5491; -340.826525; -0.976231; 661.783555; 0.0012925460; 38.587973; 0.0086814247;
11; 366; 4.5591; -340.826509; -0.976204; 661.431964; 0.0012918593; 38.555444; 0.0086777648;
11; 367; 4.5692; -340.826506; -0.976250; 660.874164; 0.0012907699; 38.503537; 0.0086719214;
11; 368; 4.5792; -340.826491; -0.976226; 660.547074; 0.0012901310; 38.474376; 0.0086686370;
11; 369; 4.5892; -340.826488; -0.976274; 660.016669; 0.0012890951; 38.423329; 0.0086628843;
11; 370; 4.5992; -340.826472; -0.976247; 659.710110; 0.0012884963; 38.397602; 0.0086599836;
11; 371; 4.6093; -340.826469; -0.976295; 659.181476; 0.0012874638; 38.347490; 0.0086543308;
11; 372; 4.6193; -340.826454; -0.976268; 658.864509; 0.0012868447; 38.325731; 0.0086518752;
11; 373; 4.6293; -340.826451; -0.976316; 658.329854; 0.0012858005; 38.277585; 0.0086464390;
11; 374; 4.6393; -340.826436; -0.976288; 658.019249; 0.0012851938; 38.260557; 0.0086445156;
11; 375; 4.6494; -340.826434; -0.976336; 657.489839; 0.0012841598; 38.215699; 0.0086394466;
11; 376; 4.6594; -340.826419; -0.976308; 657.206954; 0.0012836073; 38.203920; 0.0086381150;
11; 377; 4.6694; -340.826417; -0.976354; 656.696018; 0.0012826094; 38.163323; 0.0086335242;
11; 378; 4.6794; -340.826402; -0.976328; 656.410168; 0.0012820511; 38.157009; 0.0086328100;
11; 379; 4.6895; -340.826400; -0.976373; 655.891619; 0.0012810383; 38.121184; 0.0086287564;
11; 380; 4.6995; -340.826385; -0.976347; 655.607112; 0.0012804826; 38.120293; 0.0086286556;
11; 381; 4.7095; -340.826383; -0.976395; 655.086886; 0.0012794666; 38.089385; 0.0086251568;
11; 382; 4.7195; -340.826369; -0.976366; 654.805621; 0.0012789172; 38.093611; 0.0086256352;
11; 383; 4.7296; -340.826367; -0.976414; 654.312043; 0.0012779532; 38.067444; 0.0086226722;
11; 384; 4.7396; -340.826353; -0.976385; 654.037782; 0.0012774175; 38.076118; 0.0086236546;
11; 385; 4.7496; -340.826351; -0.976431; 653.548850; 0.0012764626; 38.054232; 0.0086211758;
11; 386; 4.7596; -340.826337; -0.976405; 653.288115; 0.0012759533; 38.066139; 0.0086225244;
11; 387; 4.7697; -340.826336; -0.976449; 652.810273; 0.0012750201; 38.047583; 0.0086204225;
11; 388; 4.7797; -340.826322; -0.976421; 652.545129; 0.0012745022; 38.060577; 0.0086218945;
11; 389; 4.7897; -340.826320; -0.976467; 652.055146; 0.0012735452; 38.043907; 0.0086200061;
11; 390; 4.7997; -340.826306; -0.976439; 651.775543; 0.0012729991; 38.054786; 0.0086212385;
11; 391; 4.8098; -340.826305; -0.976484; 651.303841; 0.0012720778; 38.037978; 0.0086193344;
11; 392; 4.8198; -340.826291; -0.976456; 651.034018; 0.0012715508; 38.042838; 0.0086198851;
11; 393; 4.8298; -340.826290; -0.976504; 650.579885; 0.0012706638; 38.023744; 0.0086177215;
11; 394; 4.8398; -340.826277; -0.976474; 650.309574; 0.0012701359; 38.019204; 0.0086172070;
11; 395; 4.8499; -340.826276; -0.976519; 649.852553; 0.0012692433; 37.996369; 0.0086146189;
11; 396; 4.8599; -340.826262; -0.976490; 649.563061; 0.0012686779; 37.981351; 0.0086129162;
11; 397; 4.8699; -340.826261; -0.976538; 649.089473; 0.0012677529; 37.954917; 0.0086099185;
11; 398; 4.8799; -340.826248; -0.976507; 648.780816; 0.0012671500; 37.931399; 0.0086072507;
11; 399; 4.8900; -340.826247; -0.976554; 648.304173; 0.0012662191; 37.902852; 0.0086040111;
11; 400; 4.9000; -340.826234; -0.976522; 647.999343; 0.0012656237; 37.874470; 0.0086007892;
