3; 1; 0.9000; -340.398846; -10.459759; 60.625916; 0.0001184100; 50.429775; 0.0099244977;
3; 2; 0.9100; -340.432213; -10.458335; 60.713413; 0.0001185809; 50.942648; 0.0099748364;
3; 3; 0.9201; -340.463584; -10.457325; 60.702515; 0.0001185596; 51.105452; 0.0099907626;
3; 4; 0.9301; -340.493077; -10.456387; 60.666282; 0.0001184888; 50.950555; 0.0099756104;
3; 5; 0.9401; -340.520810; -10.455765; 60.585428; 0.0001183309; 50.666494; 0.0099477633;
3; 6; 0.9501; -340.546853; -10.455241; 60.460490; 0.0001180869; 50.099495; 0.0098919450;
3; 7; 0.9602; -340.571317; -10.454778; 60.318100; 0.0001178088; 49.296250; 0.0098123259;
3; 8; 0.9702; -340.594278; -10.454460; 60.141693; 0.0001174642; 48.340276; 0.0097167176;
3; 9; 0.9802; -340.615820; -10.454348; 59.907908; 0.0001170076; 47.130492; 0.0095943599;
3; 10; 0.9902; -340.636025; -10.454177; 59.727692; 0.0001166556; 46.090743; 0.0094879388;
3; 11; 1.0003; -340.654960; -10.454270; 59.532121; 0.0001162737; 45.177418; 0.0093934628;
3; 12; 1.0103; -340.672697; -10.454275; 59.356542; 0.0001159307; 44.191262; 0.0092903746;
3; 13; 1.0203; -340.689301; -10.454536; 59.141398; 0.0001155105; 43.208250; 0.0091864635;
3; 14; 1.0303; -340.704840; -10.454716; 59.010767; 0.0001152554; 42.604811; 0.0091220897;
3; 15; 1.0404; -340.719361; -10.455088; 58.872883; 0.0001149861; 42.130710; 0.0090711930;
3; 16; 1.0504; -340.732927; -10.455464; 58.764392; 0.0001147742; 41.831974; 0.0090389753;
3; 17; 1.0604; -340.745589; -10.455881; 58.688246; 0.0001146255; 41.751488; 0.0090302755;
3; 18; 1.0704; -340.757405; -10.456279; 58.657585; 0.0001145656; 41.932917; 0.0090498745;
3; 19; 1.0805; -340.768407; -10.456846; 58.623202; 0.0001144984; 42.264259; 0.0090855589;
3; 20; 1.0905; -340.778647; -10.457405; 58.626219; 0.0001145043; 42.796165; 0.0091425521;
3; 21; 1.1005; -340.788168; -10.457990; 58.651905; 0.0001145545; 43.525002; 0.0092200742;
3; 22; 1.1105; -340.797016; -10.458534; 58.728998; 0.0001147051; 44.565358; 0.0093296150;
3; 23; 1.1206; -340.805216; -10.459238; 58.775883; 0.0001147966; 45.512220; 0.0094282052;
3; 24; 1.1306; -340.812810; -10.459929; 58.838816; 0.0001149196; 46.556361; 0.0095357429;
3; 25; 1.1406; -340.819832; -10.460621; 58.912713; 0.0001150639; 47.667525; 0.0096488670;
3; 26; 1.1506; -340.826316; -10.461339; 58.981594; 0.0001151984; 48.723263; 0.0097551331;
3; 27; 1.1607; -340.832297; -10.462001; 59.072121; 0.0001153752; 49.864356; 0.0098687040;
3; 28; 1.1707; -340.837791; -10.462799; 59.103231; 0.0001154360; 50.625117; 0.0099437006;
3; 29; 1.1807; -340.842833; -10.463569; 59.117199; 0.0001154633; 51.142947; 0.0099944269;
3; 30; 1.1907; -340.847450; -10.464367; 59.110015; 0.0001154492; 51.441607; 0.0100235666;
3; 31; 1.2008; -340.851665; -10.465128; 59.072176; 0.0001153753; 51.413287; 0.0100208072;
3; 32; 1.2108; -340.855503; -10.465904; 59.004556; 0.0001152433; 51.089767; 0.0099892293;
3; 33; 1.2208; -340.858986; -10.466712; 58.906817; 0.0001150524; 50.469749; 0.0099284303;
3; 34; 1.2308; -340.862135; -10.467499; 58.785173; 0.0001148148; 49.612385; 0.0098437386;
3; 35; 1.2409; -340.864969; -10.468298; 58.644675; 0.0001145404; 48.575392; 0.0097403189;
3; 36; 1.2509; -340.867508; -10.469093; 58.492424; 0.0001142430; 47.431739; 0.0096249735;
3; 37; 1.2609; -340.869771; -10.469890; 58.336069; 0.0001139376; 46.250122; 0.0095043290;
3; 38; 1.2709; -340.871774; -10.470700; 58.181269; 0.0001136353; 45.093909; 0.0093847771;
3; 39; 1.2810; -340.873534; -10.471477; 58.035046; 0.0001133497; 44.018086; 0.0092721532;
3; 40; 1.2910; -340.875066; -10.472283; 57.901886; 0.0001130896; 43.068342; 0.0091715787;
3; 41; 1.3010; -340.876385; -10.473074; 57.786789; 0.0001128648; 42.281093; 0.0090873681;
3; 42; 1.3110; -340.877506; -10.473869; 57.693130; 0.0001126819; 41.684490; 0.0090230272;
3; 43; 1.3211; -340.878441; -10.474629; 57.624323; 0.0001125475; 41.299659; 0.0089812804;
3; 44; 1.3311; -340.879204; -10.475402; 57.581223; 0.0001124633; 41.139121; 0.0089638076;
3; 45; 1.3411; -340.879807; -10.476169; 57.565229; 0.0001124321; 41.209539; 0.0089714759;
3; 46; 1.3511; -340.880261; -10.476934; 57.575904; 0.0001124529; 41.510292; 0.0090041540;
3; 47; 1.3612; -340.880576; -10.477678; 57.612189; 0.0001125238; 42.032433; 0.0090606068;
3; 48; 1.3712; -340.880765; -10.478419; 57.671870; 0.0001126404; 42.762422; 0.0091389472;
3; 49; 1.3812; -340.880835; -10.479162; 57.751836; 0.0001127966; 43.677648; 0.0092362279;
3; 50; 1.3912; -340.880797; -10.479885; 57.848270; 0.0001129849; 44.748297; 0.0093487442;
3; 51; 1.4013; -340.880660; -10.480593; 57.956689; 0.0001131967; 45.936988; 0.0094721000;
3; 52; 1.4113; -340.880431; -10.481295; 58.070876; 0.0001134197; 47.194722; 0.0096008953;
3; 53; 1.4213; -340.880119; -10.481986; 58.184573; 0.0001136417; 48.461963; 0.0097289399;
3; 54; 1.4313; -340.879731; -10.482671; 58.290041; 0.0001138477; 49.665969; 0.0098490530;
3; 55; 1.4414; -340.879275; -10.483340; 58.379689; 0.0001140228; 50.725227; 0.0099535275;
3; 56; 1.4514; -340.878757; -10.483999; 58.445118; 0.0001141506; 51.554072; 0.0100345178;
3; 57; 1.4614; -340.878183; -10.484646; 58.479265; 0.0001142173; 52.075509; 0.0100851365;
3; 58; 1.4714; -340.877560; -10.485282; 58.477063; 0.0001142130; 52.234354; 0.0101005061;
3; 59; 1.4815; -340.876893; -10.485907; 58.436438; 0.0001141337; 52.008969; 0.0100786912;
3; 60; 1.4915; -340.876188; -10.486519; 58.358956; 0.0001139823; 51.417261; 0.0100211944;
3; 61; 1.5015; -340.875449; -10.487118; 58.249399; 0.0001137684; 50.512270; 0.0099326118;
3; 62; 1.5115; -340.874681; -10.487709; 58.114395; 0.0001135047; 49.371993; 0.0098198611;
3; 63; 1.5216; -340.873889; -10.488274; 57.962851; 0.0001132087; 48.085494; 0.0096910773;
3; 64; 1.5316; -340.873077; -10.488859; 57.802443; 0.0001128954; 46.738983; 0.0095544271;
3; 65; 1.5416; -340.872248; -10.489417; 57.641638; 0.0001125813; 45.408962; 0.0094175038;
3; 66; 1.5516; -340.871406; -10.489961; 57.487059; 0.0001122794; 44.159348; 0.0092870193;
3; 67; 1.5617; -340.870555; -10.490493; 57.344870; 0.0001120017; 43.040657; 0.0091686304;
3; 68; 1.5717; -340.869696; -10.491016; 57.220036; 0.0001117579; 42.094492; 0.0090672932;
3; 69; 1.5817; -340.868834; -10.491528; 57.116284; 0.0001115552; 41.351301; 0.0089868938;
3; 70; 1.5917; -340.867970; -10.492030; 57.036810; 0.0001114000; 40.833702; 0.0089304717;
3; 71; 1.6018; -340.867108; -10.492522; 56.983890; 0.0001112967; 40.557362; 0.0089002021;
3; 72; 1.6118; -340.866249; -10.493003; 56.958808; 0.0001112477; 40.531707; 0.0088973867;
3; 73; 1.6218; -340.865395; -10.493417; 56.962210; 0.0001112543; 40.758623; 0.0089222579;
3; 74; 1.6318; -340.864547; -10.493937; 56.991953; 0.0001113124; 41.234307; 0.0089741716;
3; 75; 1.6419; -340.863709; -10.494390; 57.047521; 0.0001114209; 41.948140; 0.0090515171;
3; 76; 1.6519; -340.862880; -10.494833; 57.125933; 0.0001115741; 42.883523; 0.0091518785;
3; 77; 1.6619; -340.862063; -10.495268; 57.223707; 0.0001117651; 44.016543; 0.0092719906;
3; 78; 1.6719; -340.861258; -10.495694; 57.336832; 0.0001119860; 45.316324; 0.0094078927;
3; 79; 1.6820; -340.860466; -10.496112; 57.459922; 0.0001122264; 46.739585; 0.0095544885;
3; 80; 1.6920; -340.859688; -10.496521; 57.586686; 0.0001124740; 48.230074; 0.0097056357;
3; 81; 1.7020; -340.858925; -10.496923; 57.709151; 0.0001127132; 49.712717; 0.0098536871;
3; 82; 1.7120; -340.858178; -10.497318; 57.817882; 0.0001129256; 51.090578; 0.0099893085;
3; 83; 1.7221; -340.857446; -10.497703; 57.902398; 0.0001130906; 52.254356; 0.0101024398;
3; 84; 1.7321; -340.856730; -10.498082; 57.953163; 0.0001131898; 53.093253; 0.0101832097;
3; 85; 1.7421; -340.856032; -10.498453; 57.962350; 0.0001132077; 53.514477; 0.0102235249;
3; 86; 1.7521; -340.855349; -10.498820; 57.925270; 0.0001131353; 53.463927; 0.0102186953;
3; 87; 1.7622; -340.854684; -10.499180; 57.842321; 0.0001129733; 52.944883; 0.0101689712;
3; 88; 1.7722; -340.854035; -10.499532; 57.718559; 0.0001127316; 52.013430; 0.0100791235;
3; 89; 1.7822; -340.853404; -10.499879; 57.561812; 0.0001124254; 50.765520; 0.0099574800;
3; 90; 1.7922; -340.852789; -10.500219; 57.382472; 0.0001120751; 49.313994; 0.0098140916;
3; 91; 1.8023; -340.852192; -10.500554; 57.190794; 0.0001117008; 47.769943; 0.0096592272;
3; 92; 1.8123; -340.851610; -10.500883; 56.996299; 0.0001113209; 46.228552; 0.0095021125;
3; 93; 1.8223; -340.851046; -10.501207; 56.806994; 0.0001109512; 44.764754; 0.0093504631;
3; 94; 1.8323; -340.850497; -10.501525; 56.629317; 0.0001106041; 43.434138; 0.0092104452;
3; 95; 1.8424; -340.849965; -10.501838; 56.468167; 0.0001102894; 42.276959; 0.0090869239;
3; 96; 1.8524; -340.849448; -10.502146; 56.327751; 0.0001100151; 41.322798; 0.0089837959;
3; 97; 1.8624; -340.848947; -10.502450; 56.211089; 0.0001097873; 40.593172; 0.0089041304;
3; 98; 1.8724; -340.848461; -10.502748; 56.120627; 0.0001096106; 40.103163; 0.0088502255;
3; 99; 1.8825; -340.847989; -10.503042; 56.058171; 0.0001094886; 39.862649; 0.0088236465;
3; 100; 1.8925; -340.847532; -10.503331; 56.024218; 0.0001094223; 39.875941; 0.0088251175;
3; 101; 1.9025; -340.847089; -10.503616; 56.019080; 0.0001094123; 40.142897; 0.0088546087;
3; 102; 1.9125; -340.846659; -10.503897; 56.041306; 0.0001094557; 40.658057; 0.0089112439;
3; 103; 1.9226; -340.846243; -10.504173; 56.089704; 0.0001095502; 41.412002; 0.0089934875;
3; 104; 1.9326; -340.845840; -10.504445; 56.162066; 0.0001096915; 42.390815; 0.0090991517;
3; 105; 1.9426; -340.845450; -10.504713; 56.255260; 0.0001098736; 43.576117; 0.0092254867;
3; 106; 1.9526; -340.845071; -10.504977; 56.366001; 0.0001100898; 44.943820; 0.0093691461;
3; 107; 1.9627; -340.844705; -10.505237; 56.489710; 0.0001103315; 46.460314; 0.0095259016;
3; 108; 1.9727; -340.844350; -10.505493; 56.620730; 0.0001105874; 48.076844; 0.0096902057;
3; 109; 1.9827; -340.844006; -10.505746; 56.751533; 0.0001108428; 49.726236; 0.0098550269;
3; 110; 1.9927; -340.843673; -10.505994; 56.873327; 0.0001110807; 51.318026; 0.0100115193;
3; 111; 2.0028; -340.843350; -10.506240; 56.975928; 0.0001112811; 52.740632; 0.0101493373;
3; 112; 2.0128; -340.843037; -10.506480; 57.048697; 0.0001114232; 53.872437; 0.0102576608;
3; 113; 2.0228; -340.842735; -10.506718; 57.081969; 0.0001114882; 54.597332; 0.0103264425;
3; 114; 2.0328; -340.842441; -10.506952; 57.069266; 0.0001114634; 54.831820; 0.0103485940;
3; 115; 2.0429; -340.842156; -10.507183; 57.008213; 0.0001113442; 54.546495; 0.0103216337;
3; 116; 2.0529; -340.841880; -10.507410; 56.901416; 0.0001111356; 53.774601; 0.0102483422;
3; 117; 2.0629; -340.841613; -10.507634; 56.756075; 0.0001108517; 52.602090; 0.0101359980;
3; 118; 2.0729; -340.841353; -10.507855; 56.581641; 0.0001105110; 51.144944; 0.0099946220;
3; 119; 2.0830; -340.841102; -10.508072; 56.388520; 0.0001101338; 49.524287; 0.0098349949;
3; 120; 2.0930; -340.840857; -10.508286; 56.186823; 0.0001097399; 47.848642; 0.0096671805;
3; 121; 2.1030; -340.840620; -10.508497; 55.985109; 0.0001093459; 46.206419; 0.0094998375;
3; 122; 2.1130; -340.840390; -10.508704; 55.790287; 0.0001089654; 44.660375; 0.0093395554;
3; 123; 2.1231; -340.840167; -10.508909; 55.607684; 0.0001086088; 43.255500; 0.0091914851;
3; 124; 2.1331; -340.839949; -10.509111; 55.441395; 0.0001082840; 42.021783; 0.0090594588;
3; 125; 2.1431; -340.839738; -10.509309; 55.294642; 0.0001079973; 40.983340; 0.0089468198;
3; 126; 2.1531; -340.839533; -10.509505; 55.169543; 0.0001077530; 40.149604; 0.0088553484;
3; 127; 2.1632; -340.839334; -10.509698; 55.068036; 0.0001075548; 39.531289; 0.0087868964;
3; 128; 2.1732; -340.839139; -10.509889; 54.991920; 0.0001074061; 39.137290; 0.0087429983;
3; 129; 2.1832; -340.838950; -10.510075; 54.941401; 0.0001073074; 38.971595; 0.0087244711;
3; 130; 2.1932; -340.838766; -10.510260; 54.917361; 0.0001072605; 39.034703; 0.0087315322;
3; 131; 2.2033; -340.838587; -10.510441; 54.919455; 0.0001072646; 39.325298; 0.0087639730;
3; 132; 2.2133; -340.838412; -10.510619; 54.946612; 0.0001073176; 39.838670; 0.0088209921;
3; 133; 2.2233; -340.838242; -10.510795; 54.997362; 0.0001074167; 40.566345; 0.0089011877;
3; 134; 2.2333; -340.838075; -10.510969; 55.070403; 0.0001075594; 41.500169; 0.0090030560;
3; 135; 2.2434; -340.837913; -10.511140; 55.163067; 0.0001077404; 42.626851; 0.0091244490;
3; 136; 2.2534; -340.837754; -10.511308; 55.273058; 0.0001079552; 43.931402; 0.0092630189;
3; 137; 2.2634; -340.837600; -10.511474; 55.396923; 0.0001081971; 45.391083; 0.0094156497;
3; 138; 2.2734; -340.837448; -10.511637; 55.530783; 0.0001084586; 46.974832; 0.0095785029;
3; 139; 2.2835; -340.837300; -10.511798; 55.669291; 0.0001087291; 48.637475; 0.0097465413;
3; 140; 2.2935; -340.837155; -10.511956; 55.805503; 0.0001089951; 50.314339; 0.0099131324;
3; 141; 2.3035; -340.837013; -10.512111; 55.931345; 0.0001092409; 51.920104; 0.0100700771;
3; 142; 2.3135; -340.836874; -10.512264; 56.037585; 0.0001094484; 53.351818; 0.0102079757;
3; 143; 2.3236; -340.836738; -10.512415; 56.114539; 0.0001095987; 54.496189; 0.0103168731;
3; 144; 2.3336; -340.836604; -10.512564; 56.153951; 0.0001096757; 55.246906; 0.0103876905;
3; 145; 2.3436; -340.836473; -10.512710; 56.149328; 0.0001096667; 55.523992; 0.0104137072;
3; 146; 2.3536; -340.836344; -10.512854; 56.098243; 0.0001095669; 55.295433; 0.0103922516;
3; 147; 2.3637; -340.836220; -10.512862; 55.998019; 0.0001093711; 54.426474; 0.0103102720;
3; 148; 2.3737; -340.836093; -10.512946; 55.846822; 0.0001090758; 53.083305; 0.0101822557;
3; 149; 2.3837; -340.835968; -10.513071; 55.664387; 0.0001087195; 51.459635; 0.0100253229;
3; 150; 2.3937; -340.835845; -10.513197; 55.464976; 0.0001083300; 49.706211; 0.0098530423;
3; 151; 2.4038; -340.835724; -10.513326; 55.259195; 0.0001079281; 47.931840; 0.0096755814;
3; 152; 2.4138; -340.835606; -10.513454; 55.055132; 0.0001075296; 46.216329; 0.0095008561;
3; 153; 2.4238; -340.835490; -10.513581; 54.858502; 0.0001071455; 44.610499; 0.0093343388;
3; 154; 2.4338; -340.835375; -10.513680; 54.673459; 0.0001067841; 43.117784; 0.0091768416;
3; 155; 2.4439; -340.835262; -10.513787; 54.503718; 0.0001064526; 41.801688; 0.0090357026;
3; 156; 2.4539; -340.835151; -10.513904; 54.351443; 0.0001061552; 40.670850; 0.0089126457;
3; 157; 2.4639; -340.835062; -10.514350; 54.234814; 0.0001059274; 40.132871; 0.0088535029;
3; 158; 2.4739; -340.834952; -10.514260; 54.113268; 0.0001056900; 39.177345; 0.0087474712;
3; 159; 2.4840; -340.834841; -10.514302; 54.016221; 0.0001055004; 38.520391; 0.0086738191;
3; 160; 2.4940; -340.834733; -10.514388; 53.944366; 0.0001053601; 38.115997; 0.0086281694;
3; 161; 2.5040; -340.834627; -10.514489; 53.897701; 0.0001052689; 37.942310; 0.0086084885;
3; 162; 2.5140; -340.834539; -10.514948; 53.839094; 0.0001051545; 37.906142; 0.0086043845;
3; 163; 2.5241; -340.834435; -10.514834; 53.851604; 0.0001051789; 38.133318; 0.0086301296;
3; 164; 2.5341; -340.834331; -10.514861; 53.880469; 0.0001052353; 38.584206; 0.0086810009;
3; 165; 2.5441; -340.834229; -10.514938; 53.928776; 0.0001053296; 39.238276; 0.0087542708;
3; 166; 2.5541; -340.834145; -10.515377; 53.926736; 0.0001053257; 39.698326; 0.0088054411;
3; 167; 2.5642; -340.834046; -10.515261; 54.036781; 0.0001055406; 40.808600; 0.0089277263;
3; 168; 2.5742; -340.833946; -10.515281; 54.150674; 0.0001057630; 42.056438; 0.0090631938;
3; 169; 2.5842; -340.833848; -10.515350; 54.274158; 0.0001060042; 43.443317; 0.0092114184;
3; 170; 2.5942; -340.833769; -10.515795; 54.309760; 0.0001060738; 44.291333; 0.0093008876;
3; 171; 2.6043; -340.833673; -10.515666; 54.486276; 0.0001064185; 46.111323; 0.0094900567;
3; 172; 2.6143; -340.833577; -10.515677; 54.647599; 0.0001067336; 47.920149; 0.0096744013;
3; 173; 2.6243; -340.833483; -10.515739; 54.799281; 0.0001070298; 49.707699; 0.0098531898;
3; 174; 2.6343; -340.833408; -10.516195; 54.838284; 0.0001071060; 50.665697; 0.0099476851;
3; 175; 2.6444; -340.833316; -10.516049; 55.003028; 0.0001074278; 52.523091; 0.0101283840;
3; 176; 2.6544; -340.833223; -10.516052; 55.118942; 0.0001076542; 54.003348; 0.0102701163;
3; 177; 2.6644; -340.833133; -10.516109; 55.191249; 0.0001077954; 55.069709; 0.0103710185;
3; 178; 2.6744; -340.833062; -10.516571; 55.166531; 0.0001077471; 55.393657; 0.0104014776;
3; 179; 2.6845; -340.832973; -10.516413; 55.182172; 0.0001077777; 55.712029; 0.0104313257;
3; 180; 2.6945; -340.832884; -10.516410; 55.130017; 0.0001076758; 55.392841; 0.0104014010;
3; 181; 2.7045; -340.832812; -10.516829; 55.030767; 0.0001074820; 54.867015; 0.0103519147;
3; 182; 2.7145; -340.832725; -10.516670; 54.902137; 0.0001072307; 53.625328; 0.0102341081;
3; 183; 2.7246; -340.832638; -10.516662; 54.733825; 0.0001069020; 52.085642; 0.0100861176;
3; 184; 2.7346; -340.832568; -10.517081; 54.578079; 0.0001065978; 50.999110; 0.0099803625;
3; 185; 2.7446; -340.832484; -10.516919; 54.371567; 0.0001061945; 49.032133; 0.0097860046;
3; 186; 2.7546; -340.832399; -10.516907; 54.159817; 0.0001057809; 47.162946; 0.0095976627;
3; 187; 2.7647; -340.832331; -10.517323; 53.992046; 0.0001054532; 46.038896; 0.0094826008;
3; 188; 2.7747; -340.832249; -10.517156; 53.781435; 0.0001050419; 44.165766; 0.0092876941;
3; 189; 2.7847; -340.832166; -10.517145; 53.585337; 0.0001046589; 42.562989; 0.0091176114;
3; 190; 2.7947; -340.832102; -10.517561; 53.434205; 0.0001043637; 41.668384; 0.0090212838;
3; 191; 2.8048; -340.832022; -10.517391; 53.262455; 0.0001040282; 40.252478; 0.0088666860;
3; 192; 2.8148; -340.831941; -10.517372; 53.111565; 0.0001037335; 39.132411; 0.0087424533;
3; 193; 2.8248; -340.831879; -10.517794; 52.990006; 0.0001034961; 38.541351; 0.0086761786;
3; 194; 2.8348; -340.831801; -10.517612; 52.877938; 0.0001032772; 37.699063; 0.0085808497;
3; 195; 2.8449; -340.831722; -10.517589; 52.787463; 0.0001031005; 37.133939; 0.0085162917;
3; 196; 2.8549; -340.831662; -10.518012; 52.702199; 0.0001029340; 36.870002; 0.0084859722;
3; 197; 2.8649; -340.831586; -10.517828; 52.661374; 0.0001028542; 36.649036; 0.0084605052;
3; 198; 2.8749; -340.831510; -10.517800; 52.639007; 0.0001028106; 36.667203; 0.0084626019;
3; 199; 2.8850; -340.831452; -10.518224; 52.592610; 0.0001027199; 36.732161; 0.0084700946;
3; 200; 2.8950; -340.831379; -10.518035; 52.626143; 0.0001027854; 37.141642; 0.0085171749;
3; 201; 2.9050; -340.831304; -10.518006; 52.671360; 0.0001028737; 37.736918; 0.0085851569;
3; 202; 2.9150; -340.831249; -10.518428; 52.661078; 0.0001028537; 38.113410; 0.0086278766;
3; 203; 2.9251; -340.831177; -10.518235; 52.762853; 0.0001030524; 39.125907; 0.0087417268;
3; 204; 2.9351; -340.831105; -10.518200; 52.866701; 0.0001032553; 40.260012; 0.0088675158;
3; 205; 2.9451; -340.831052; -10.518633; 52.885894; 0.0001032928; 40.914737; 0.0089393285;
3; 206; 2.9551; -340.830982; -10.518428; 53.042257; 0.0001035982; 42.469687; 0.0091076126;
3; 207; 2.9652; -340.830912; -10.518391; 53.189765; 0.0001038863; 44.067189; 0.0092773234;
3; 208; 2.9752; -340.830861; -10.518815; 53.227890; 0.0001039607; 44.937861; 0.0093685249;
3; 209; 2.9852; -340.830793; -10.518611; 53.416165; 0.0001043284; 46.892351; 0.0095700900;
3; 210; 2.9952; -340.830725; -10.518571; 53.579073; 0.0001046466; 48.746407; 0.0097574498;
3; 211; 3.0053; -340.830676; -10.519001; 53.616553; 0.0001047198; 49.669524; 0.0098494055;
3; 212; 3.0153; -340.830610; -10.518790; 53.790251; 0.0001050591; 51.605068; 0.0100394795;
3; 213; 3.0253; -340.830543; -10.518747; 53.914742; 0.0001053022; 53.175334; 0.0101910781;
3; 214; 3.0353; -340.830497; -10.519179; 53.919501; 0.0001053115; 53.801763; 0.0102509302;
3; 215; 3.0454; -340.830433; -10.518964; 54.006248; 0.0001054810; 54.899774; 0.0103550046;
3; 216; 3.0554; -340.830368; -10.518921; 54.024555; 0.0001055167; 55.368424; 0.0103991083;
3; 217; 3.0654; -340.830323; -10.519350; 53.964355; 0.0001053991; 55.295768; 0.0103922830;
3; 218; 3.0754; -340.830261; -10.519130; 53.908552; 0.0001052901; 54.849646; 0.0103502761;
3; 219; 3.0855; -340.830198; -10.519081; 53.794813; 0.0001050680; 53.885691; 0.0102589225;
3; 220; 3.0955; -340.830156; -10.519514; 53.670873; 0.0001048259; 53.129703; 0.0101867046;
3; 221; 3.1055; -340.830096; -10.519291; 53.497127; 0.0001044866; 51.458743; 0.0100252360;
3; 222; 3.1155; -340.830034; -10.519239; 53.300571; 0.0001041027; 49.689837; 0.0098514194;
3; 223; 3.1256; -340.829994; -10.519671; 53.146007; 0.0001038008; 48.666569; 0.0097494560;
3; 224; 3.1356; -340.829936; -10.519447; 52.926192; 0.0001033715; 46.642845; 0.0095445957;
3; 225; 3.1456; -340.829876; -10.519392; 52.712002; 0.0001029531; 44.818515; 0.0093560762;
3; 226; 3.1556; -340.829838; -10.519826; 52.557862; 0.0001026521; 43.866182; 0.0092561404;
3; 227; 3.1657; -340.829781; -10.519596; 52.349562; 0.0001022452; 42.077952; 0.0090655116;
3; 228; 3.1757; -340.829724; -10.519539; 52.160004; 0.0001018750; 40.585558; 0.0089032953;
3; 229; 3.1857; -340.829687; -10.519974; 52.022825; 0.0001016071; 39.844825; 0.0088216736;
3; 230; 3.1957; -340.829633; -10.519744; 51.856362; 0.0001012820; 38.518120; 0.0086735635;
3; 231; 3.2058; -340.829577; -10.519681; 51.711484; 0.0001009990; 37.486809; 0.0085566596;
3; 232; 3.2158; -340.829542; -10.520112; 51.598951; 0.0001007792; 36.995147; 0.0085003616;
3; 233; 3.2258; -340.829489; -10.519880; 51.490093; 0.0001005666; 36.206826; 0.0084093078;
3; 234; 3.2358; -340.829435; -10.519818; 51.402607; 0.0001003957; 35.685969; 0.0083486022;
3; 235; 3.2459; -340.829403; -10.520252; 51.320185; 0.0001002347; 35.458236; 0.0083219209;
3; 236; 3.2559; -340.829351; -10.520016; 51.279131; 0.0001001546; 35.243395; 0.0082966714;
3; 237; 3.2659; -340.829299; -10.519949; 51.255701; 0.0001001088; 35.253886; 0.0082979061;
3; 238; 3.2759; -340.829268; -10.520384; 51.205399; 0.0001000105; 35.291202; 0.0083022967;
3; 239; 3.2860; -340.829219; -10.520143; 51.234977; 0.0001000683; 35.657073; 0.0083452214;
3; 240; 3.2960; -340.829168; -10.520076; 51.275341; 0.0001001472; 36.194592; 0.0084078869;
3; 241; 3.3060; -340.829139; -10.520510; 51.256040; 0.0001001095; 36.486149; 0.0084416828;
3; 242; 3.3160; -340.829091; -10.520265; 51.351546; 0.0001002960; 37.413005; 0.0085482323;
3; 243; 3.3261; -340.829042; -10.520198; 51.448741; 0.0001004858; 38.449715; 0.0086658582;
3; 244; 3.3361; -340.829014; -10.520632; 51.455682; 0.0001004994; 38.973875; 0.0087247264;
3; 245; 3.3461; -340.828968; -10.520385; 51.606459; 0.0001007939; 40.418564; 0.0088849597;
3; 246; 3.3561; -340.828921; -10.520316; 51.748738; 0.0001010718; 41.903639; 0.0090467146;
3; 247; 3.3662; -340.828895; -10.520749; 51.774585; 0.0001011222; 42.621663; 0.0091238937;
3; 248; 3.3762; -340.828850; -10.520502; 51.962414; 0.0001014891; 44.493643; 0.0093221052;
3; 249; 3.3862; -340.828804; -10.520429; 52.128497; 0.0001018135; 46.299148; 0.0095093650;
3; 250; 3.3962; -340.828780; -10.520864; 52.159819; 0.0001018746; 47.117831; 0.0095930712;
3; 251; 3.4063; -340.828736; -10.520615; 52.351531; 0.0001022491; 49.154528; 0.0097982110;
3; 252; 3.4163; -340.828692; -10.520539; 52.501868; 0.0001025427; 50.922382; 0.0099728520;
3; 253; 3.4263; -340.828669; -10.520971; 52.517040; 0.0001025723; 51.624708; 0.0100413897;
3; 254; 3.4363; -340.828627; -10.520722; 52.653640; 0.0001028391; 53.208240; 0.0101942309;
3; 255; 3.4464; -340.828598; -10.521023; 52.664972; 0.0001028613; 53.816469; 0.0102523310;
3; 256; 3.4564; -340.828557; -10.520782; 52.727250; 0.0001029829; 54.642413; 0.0103307049;
3; 257; 3.4664; -340.828529; -10.521086; 52.691137; 0.0001029124; 54.742256; 0.0103401387;
3; 258; 3.4764; -340.828489; -10.520847; 52.659001; 0.0001028496; 54.547807; 0.0103217579;
3; 259; 3.4865; -340.828461; -10.521155; 52.570019; 0.0001026758; 54.074264; 0.0102768574;
3; 260; 3.4965; -340.828422; -10.520912; 52.448730; 0.0001024389; 52.929410; 0.0101674851;
3; 261; 3.5065; -340.828395; -10.521217; 52.317315; 0.0001021823; 52.016912; 0.0100794609;
3; 262; 3.5165; -340.828357; -10.520975; 52.132434; 0.0001018212; 50.248400; 0.0099066344;
3; 263; 3.5266; -340.828331; -10.521279; 51.975314; 0.0001015143; 49.106716; 0.0097934445;
3; 264; 3.5366; -340.828294; -10.521037; 51.757738; 0.0001010893; 47.085355; 0.0095897645;
3; 265; 3.5466; -340.828269; -10.521339; 51.591480; 0.0001007646; 45.903858; 0.0094686838;
3; 266; 3.5566; -340.828233; -10.521097; 51.367483; 0.0001003271; 43.910491; 0.0092608141;
3; 267; 3.5667; -340.828209; -10.521403; 51.204779; 0.0001000093; 42.811207; 0.0091441587;
3; 268; 3.5767; -340.828173; -10.521156; 50.993299; 0.0000995963; 41.013567; 0.0089501186;
3; 269; 3.5867; -340.828150; -10.521460; 50.841464; 0.0000992997; 40.054441; 0.0088448476;
3; 270; 3.5967; -340.828115; -10.521213; 50.654247; 0.0000989341; 38.533904; 0.0086753404;
3; 271; 3.6068; -340.828093; -10.521515; 50.518527; 0.0000986690; 37.745659; 0.0085861511;
3; 272; 3.6168; -340.828059; -10.521268; 50.362977; 0.0000983652; 36.540229; 0.0084479367;
3; 273; 3.6268; -340.828037; -10.521569; 50.246224; 0.0000981372; 35.934156; 0.0083775831;
3; 274; 3.6368; -340.828004; -10.521323; 50.128004; 0.0000979063; 35.066419; 0.0082758141;
3; 275; 3.6469; -340.827983; -10.521623; 50.032740; 0.0000977202; 34.650772; 0.0082266208;
3; 276; 3.6569; -340.827950; -10.521375; 49.956446; 0.0000975712; 34.134897; 0.0081651529;
3; 277; 3.6669; -340.827930; -10.521676; 49.884604; 0.0000974309; 33.914497; 0.0081387500;
3; 278; 3.6769; -340.827898; -10.521427; 49.852954; 0.0000973691; 33.758234; 0.0081199785;
3; 279; 3.6870; -340.827878; -10.521723; 49.805664; 0.0000972767; 33.734010; 0.0081170647;
3; 280; 3.6970; -340.827847; -10.521476; 49.819419; 0.0000973036; 33.938838; 0.0081416702;
3; 281; 3.7070; -340.827828; -10.521774; 49.796672; 0.0000972591; 34.108663; 0.0081620147;
3; 282; 3.7170; -340.827797; -10.521524; 49.854923; 0.0000973729; 34.670220; 0.0082289291;
3; 283; 3.7271; -340.827779; -10.521823; 49.855329; 0.0000973737; 35.028075; 0.0082712882;
3; 284; 3.7371; -340.827749; -10.521572; 49.954890; 0.0000975681; 35.936026; 0.0083778011;
3; 285; 3.7471; -340.827732; -10.521870; 49.976723; 0.0000976108; 36.475550; 0.0084404566;
3; 286; 3.7571; -340.827702; -10.521617; 50.113055; 0.0000978771; 37.714632; 0.0085826215;
3; 287; 3.7672; -340.827685; -10.521915; 50.153115; 0.0000979553; 38.422584; 0.0086628003;
3; 288; 3.7772; -340.827656; -10.521662; 50.320601; 0.0000982824; 39.970831; 0.0088356114;
3; 289; 3.7872; -340.827640; -10.521960; 50.375440; 0.0000983895; 40.830383; 0.0089301087;
3; 290; 3.7972; -340.827611; -10.521705; 50.566490; 0.0000987627; 42.649115; 0.0091268315;
3; 291; 3.8073; -340.827596; -10.522003; 50.630681; 0.0000988880; 43.627987; 0.0092309757;
3; 292; 3.8173; -340.827568; -10.521748; 50.833668; 0.0000992845; 45.638980; 0.0094413257;
3; 293; 3.8273; -340.827553; -10.522047; 50.899568; 0.0000994132; 46.675731; 0.0095479598;
3; 294; 3.8373; -340.827526; -10.521790; 51.096398; 0.0000997977; 48.719521; 0.0097547586;
3; 295; 3.8474; -340.827511; -10.522085; 51.151998; 0.0000999062; 49.699478; 0.0098523750;
3; 296; 3.8574; -340.827484; -10.521830; 51.317655; 0.0001002298; 51.509913; 0.0100302193;
3; 297; 3.8674; -340.827470; -10.522129; 51.348144; 0.0001002893; 52.265560; 0.0101035227;
3; 298; 3.8774; -340.827444; -10.521870; 51.453117; 0.0001004944; 53.497269; 0.0102218811;
3; 299; 3.8875; -340.827431; -10.522168; 51.443210; 0.0001004750; 53.842378; 0.0102547987;
3; 300; 3.8975; -340.827405; -10.521909; 51.462614; 0.0001005129; 54.177634; 0.0102866755;
3; 301; 3.9075; -340.827392; -10.522206; 51.403746; 0.0001003979; 53.999472; 0.0102697478;
3; 302; 3.9175; -340.827367; -10.521947; 51.329861; 0.0001002536; 53.339462; 0.0102067936;
3; 303; 3.9276; -340.827354; -10.522241; 51.224746; 0.0001000483; 52.677101; 0.0101432225;
3; 304; 3.9376; -340.827330; -10.521984; 51.072901; 0.0000997518; 51.220202; 0.0100019726;
3; 305; 3.9476; -340.827318; -10.522280; 50.934443; 0.0000994813; 50.236282; 0.0099054398;
3; 306; 3.9576; -340.827294; -10.522019; 50.731916; 0.0000990858; 48.326519; 0.0097153349;
3; 307; 3.9677; -340.827282; -10.522316; 50.575607; 0.0000987805; 47.206942; 0.0096021382;
3; 308; 3.9777; -340.827258; -10.522055; 50.350319; 0.0000983405; 45.163259; 0.0093919908;
3; 309; 3.9877; -340.827247; -10.522351; 50.189544; 0.0000980265; 44.051775; 0.0092757007;
3; 310; 3.9977; -340.827224; -10.522089; 49.963989; 0.0000975859; 42.096080; 0.0090674642;
3; 311; 4.0078; -340.827213; -10.522384; 49.808083; 0.0000972814; 41.077434; 0.0089570845;
3; 312; 4.0178; -340.827190; -10.522121; 49.597106; 0.0000968693; 39.332575; 0.0087647839;
3; 313; 4.0278; -340.827180; -10.522417; 49.452230; 0.0000965864; 38.448890; 0.0086657653;
3; 314; 4.0378; -340.827157; -10.522154; 49.265392; 0.0000962215; 36.973001; 0.0084978169;
3; 315; 4.0479; -340.827147; -10.522446; 49.135383; 0.0000959675; 36.243097; 0.0084135188;
3; 316; 4.0579; -340.827125; -10.522186; 48.979500; 0.0000956631; 35.065842; 0.0082757460;
3; 317; 4.0679; -340.827115; -10.522480; 48.867023; 0.0000954434; 34.498896; 0.0082085721;
3; 318; 4.0779; -340.827093; -10.522217; 48.746919; 0.0000952088; 33.638401; 0.0081055538;
3; 319; 4.0880; -340.827084; -10.522507; 48.654157; 0.0000950276; 33.240899; 0.0080575201;
3; 320; 4.0980; -340.827062; -10.522247; 48.574207; 0.0000948715; 32.708710; 0.0079927592;
3; 321; 4.1080; -340.827053; -10.522541; 48.502590; 0.0000947316; 32.483662; 0.0079652152;
3; 322; 4.1180; -340.827032; -10.522276; 48.465045; 0.0000946583; 32.285888; 0.0079409303;
3; 323; 4.1281; -340.827023; -10.522570; 48.415615; 0.0000945617; 32.234273; 0.0079345803;
3; 324; 4.1381; -340.827002; -10.522305; 48.421436; 0.0000945731; 32.372433; 0.0079515665;
3; 325; 4.1481; -340.826994; -10.522599; 48.393982; 0.0000945195; 32.492691; 0.0079663220;
3; 326; 4.1581; -340.826973; -10.522337; 48.442707; 0.0000946147; 32.964247; 0.0080239202;
3; 327; 4.1682; -340.826965; -10.522627; 48.436835; 0.0000946032; 33.253038; 0.0080589913;
3; 328; 4.1782; -340.826945; -10.522364; 48.526053; 0.0000947774; 34.051390; 0.0081551591;
3; 329; 4.1882; -340.826937; -10.522655; 48.540197; 0.0000948051; 34.502909; 0.0082090496;
3; 330; 4.1982; -340.826917; -10.522389; 48.666474; 0.0000950517; 35.616656; 0.0083404904;
3; 331; 4.2083; -340.826910; -10.522681; 48.698560; 0.0000951144; 36.223956; 0.0084112968;
3; 332; 4.2183; -340.826890; -10.522415; 48.856920; 0.0000954237; 37.637129; 0.0085737984;
3; 333; 4.2283; -340.826883; -10.522708; 48.903783; 0.0000955152; 38.386151; 0.0086586922;
3; 334; 4.2383; -340.826864; -10.522442; 49.088413; 0.0000958758; 40.074315; 0.0088470417;
3; 335; 4.2484; -340.826857; -10.522734; 49.146540; 0.0000959893; 40.947994; 0.0089429609;
3; 336; 4.2584; -340.826838; -10.522468; 49.349092; 0.0000963849; 42.865567; 0.0091499623;
3; 337; 4.2684; -340.826831; -10.522759; 49.413248; 0.0000965102; 43.828493; 0.0092521632;
3; 338; 4.2784; -340.826813; -10.522493; 49.621154; 0.0000969163; 45.881966; 0.0094664257;
3; 339; 4.2885; -340.826807; -10.522785; 49.683022; 0.0000970372; 46.864858; 0.0095672841;
3; 340; 4.2985; -340.826788; -10.522518; 49.877130; 0.0000974163; 48.876603; 0.0097704716;
3; 341; 4.3085; -340.826782; -10.522804; 49.925166; 0.0000975101; 49.763304; 0.0098586994;
3; 342; 4.3185; -340.826764; -10.522545; 50.080310; 0.0000978131; 51.459640; 0.0100253234;
3; 343; 4.3286; -340.826759; -10.522834; 50.101080; 0.0000978537; 52.093305; 0.0100868596;
3; 344; 4.3386; -340.826741; -10.522569; 50.189621; 0.0000980266; 53.144284; 0.0101881024;
3; 345; 4.3486; -340.826736; -10.522857; 50.170315; 0.0000979889; 53.367716; 0.0102094966;
3; 346; 4.3586; -340.826718; -10.522589; 50.171517; 0.0000979912; 53.505692; 0.0102226858;
3; 347; 4.3687; -340.826713; -10.522874; 50.105951; 0.0000978632; 53.241679; 0.0101974337;
3; 348; 4.3787; -340.826695; -10.522612; 50.017159; 0.0000976898; 52.432515; 0.0101196470;
3; 349; 4.3887; -340.826691; -10.522896; 49.910106; 0.0000974807; 51.743012; 0.0100528887;
3; 350; 4.3987; -340.826673; -10.522637; 49.748306; 0.0000971647; 50.208277; 0.0099026785;
3; 351; 4.4088; -340.826669; -10.522921; 49.612105; 0.0000968986; 49.250411; 0.0098077627;
3; 352; 4.4188; -340.826652; -10.522660; 49.403281; 0.0000964908; 47.313718; 0.0096129914;
3; 353; 4.4288; -340.826647; -10.522944; 49.251017; 0.0000961934; 46.240552; 0.0095033456;
3; 354; 4.4388; -340.826630; -10.522677; 49.021318; 0.0000957448; 44.193324; 0.0092905912;
3; 355; 4.4489; -340.826626; -10.522965; 48.865096; 0.0000954396; 43.134347; 0.0091786040;
3; 356; 4.4589; -340.826609; -10.522698; 48.634602; 0.0000949895; 41.173431; 0.0089675446;
3; 357; 4.4689; -340.826605; -10.522986; 48.482648; 0.0000946927; 40.198549; 0.0088607443;
3; 358; 4.4789; -340.826588; -10.522718; 48.265223; 0.0000942680; 38.433812; 0.0086640659;
3; 359; 4.4890; -340.826585; -10.523000; 48.122831; 0.0000939899; 37.578366; 0.0085671026;
3; 360; 4.4990; -340.826568; -10.522738; 47.927708; 0.0000936088; 36.062868; 0.0083925734;
3; 361; 4.5090; -340.826564; -10.523021; 47.798460; 0.0000933564; 35.343271; 0.0083084190;
3; 362; 4.5190; -340.826548; -10.522762; 47.631675; 0.0000930306; 34.104181; 0.0081614784;
3; 363; 4.5291; -340.826545; -10.523041; 47.517868; 0.0000928083; 33.527817; 0.0080922195;
3; 364; 4.5391; -340.826529; -10.522778; 47.384540; 0.0000925479; 32.581694; 0.0079772252;
3; 365; 4.5491; -340.826525; -10.523066; 47.288375; 0.0000923601; 32.154614; 0.0079247701;
3; 366; 4.5591; -340.826509; -10.522797; 47.192170; 0.0000921722; 31.512190; 0.0078452053;
3; 367; 4.5692; -340.826506; -10.523079; 47.114861; 0.0000920212; 31.237417; 0.0078109269;
3; 368; 4.5792; -340.826491; -10.522816; 47.058813; 0.0000919117; 30.904640; 0.0077692101;
3; 369; 4.5892; -340.826488; -10.523103; 47.001672; 0.0000918001; 30.782941; 0.0077538979;
3; 370; 4.5992; -340.826472; -10.522834; 46.987189; 0.0000917719; 30.761948; 0.0077512534;
3; 371; 4.6093; -340.826469; -10.523121; 46.950268; 0.0000916997; 30.792839; 0.0077551444;
3; 372; 4.6193; -340.826454; -10.522853; 46.977419; 0.0000917528; 31.082773; 0.0077915686;
3; 373; 4.6293; -340.826451; -10.523140; 46.960402; 0.0000917195; 31.264151; 0.0078142687;
3; 374; 4.6393; -340.826436; -10.522871; 47.028027; 0.0000918516; 31.861938; 0.0078886214;
3; 375; 4.6494; -340.826434; -10.523158; 47.030147; 0.0000918558; 32.190622; 0.0079292061;
3; 376; 4.6594; -340.826419; -10.522889; 47.135839; 0.0000920622; 33.089833; 0.0080391902;
3; 377; 4.6694; -340.826417; -10.523169; 47.155580; 0.0000921007; 33.560712; 0.0080961884;
3; 378; 4.6794; -340.826402; -10.522907; 47.295597; 0.0000923742; 34.750951; 0.0082385041;
3; 379; 4.6895; -340.826400; -10.523187; 47.330942; 0.0000924432; 35.356888; 0.0083100193;
3; 380; 4.6995; -340.826385; -10.522924; 47.500550; 0.0000927745; 36.823179; 0.0084805820;
3; 381; 4.7095; -340.826383; -10.523210; 47.549035; 0.0000928692; 37.553905; 0.0085643138;
3; 382; 4.7195; -340.826369; -10.522941; 47.742427; 0.0000932469; 39.273856; 0.0087582390;
3; 383; 4.7296; -340.826367; -10.523226; 47.800823; 0.0000933610; 40.113007; 0.0088513116;
3; 384; 4.7396; -340.826353; -10.522957; 48.010369; 0.0000937703; 42.044743; 0.0090619335;
3; 385; 4.7496; -340.826351; -10.523237; 48.073636; 0.0000938938; 42.961647; 0.0091602111;
3; 386; 4.7596; -340.826337; -10.522978; 48.287384; 0.0000943113; 45.019458; 0.0093770266;
3; 387; 4.7697; -340.826336; -10.523253; 48.348295; 0.0000944303; 45.953601; 0.0094738127;
3; 388; 4.7797; -340.826322; -10.522990; 48.548703; 0.0000948217; 47.976748; 0.0096801129;
3; 389; 4.7897; -340.826320; -10.523268; 48.597386; 0.0000949168; 48.829057; 0.0097657182;
3; 390; 4.7997; -340.826306; -10.523005; 48.761235; 0.0000952368; 50.570386; 0.0099383241;
3; 391; 4.8098; -340.826305; -10.523284; 48.785610; 0.0000952844; 51.203700; 0.0100003613;
3; 392; 4.8198; -340.826291; -10.523021; 48.887196; 0.0000954828; 52.357642; 0.0101124191;
3; 393; 4.8298; -340.826290; -10.523305; 48.875725; 0.0000954604; 52.631054; 0.0101387882;
3; 394; 4.8398; -340.826277; -10.523039; 48.893761; 0.0000954956; 52.931496; 0.0101676854;
3; 395; 4.8499; -340.826276; -10.523315; 48.839522; 0.0000953897; 52.760835; 0.0101512810;
3; 396; 4.8599; -340.826262; -10.523051; 48.768262; 0.0000952505; 52.131647; 0.0100905710;
3; 397; 4.8699; -340.826261; -10.523335; 48.673959; 0.0000950663; 51.550698; 0.0100341894;
3; 398; 4.8799; -340.826248; -10.523069; 48.526232; 0.0000947778; 50.160229; 0.0098979391;
3; 399; 4.8900; -340.826247; -10.523350; 48.401685; 0.0000945345; 49.295859; 0.0098122869;
3; 400; 4.9000; -340.826234; -10.523080; 48.201014; 0.0000941426; 47.438890; 0.0096256990;
