21; 1; 0.9000; -340.398846; -0.641475; 634.250573; 0.0012387707; 48.284065; 0.0097110666;
21; 2; 0.9100; -340.432213; -0.642895; 668.501101; 0.0013056662; 48.295439; 0.0097122103;
21; 3; 0.9201; -340.463584; -0.644134; 711.016902; 0.0013887049; 48.255084; 0.0097081518;
21; 4; 0.9301; -340.493077; -0.645462; 765.878719; 0.0014958569; 48.218749; 0.0097044961;
21; 5; 0.9401; -340.520810; -0.646538; 832.974205; 0.0016269027; 48.204014; 0.0097030132;
21; 6; 0.9501; -340.546853; -0.648037; 920.407127; 0.0017976702; 48.051339; 0.0096876350;
21; 7; 0.9602; -340.571317; -0.648162; 976.941310; 0.0019080885; 48.133156; 0.0096958791;
21; 8; 0.9702; -340.594278; -0.648563; 1021.165888; 0.0019944646; 48.093487; 0.0096918828;
21; 9; 0.9802; -340.615820; -0.648658; 1039.816122; 0.0020308909; 48.033843; 0.0096858712;
21; 10; 0.9902; -340.636025; -0.648677; 1044.636877; 0.0020403064; 48.016519; 0.0096841243;
21; 11; 1.0003; -340.654960; -0.648506; 1042.191790; 0.0020355308; 47.983170; 0.0096807607;
21; 12; 1.0103; -340.672697; -0.648354; 1037.505549; 0.0020263780; 47.966936; 0.0096791230;
21; 13; 1.0203; -340.689301; -0.648071; 1031.887994; 0.0020154062; 47.918201; 0.0096742047;
21; 14; 1.0303; -340.704840; -0.647814; 1026.939809; 0.0020057418; 47.904172; 0.0096727884;
21; 15; 1.0404; -340.719361; -0.647496; 1022.244871; 0.0019965720; 47.872189; 0.0096695589;
21; 16; 1.0504; -340.732927; -0.647171; 1017.962345; 0.0019882077; 47.844463; 0.0096667584;
21; 17; 1.0604; -340.745589; -0.646844; 1014.271608; 0.0019809992; 47.820481; 0.0096643353;
21; 18; 1.0704; -340.757405; -0.646568; 1011.204354; 0.0019750085; 47.804189; 0.0096626889;
21; 19; 1.0805; -340.768407; -0.646209; 1008.261971; 0.0019692617; 47.772668; 0.0096595027;
21; 20; 1.0905; -340.778647; -0.645857; 1005.552138; 0.0019639690; 47.750818; 0.0096572934;
21; 21; 1.1005; -340.788168; -0.645511; 1003.182544; 0.0019593409; 47.726525; 0.0096548366;
21; 22; 1.1105; -340.797016; -0.645211; 1001.481721; 0.0019560190; 47.712723; 0.0096534404;
21; 23; 1.1206; -340.805216; -0.644852; 999.629034; 0.0019524005; 47.688677; 0.0096510076;
21; 24; 1.1306; -340.812810; -0.644496; 997.784178; 0.0019487972; 47.665708; 0.0096486831;
21; 25; 1.1406; -340.819832; -0.644151; 996.372533; 0.0019460401; 47.647050; 0.0096467945;
21; 26; 1.1506; -340.826316; -0.643808; 994.958962; 0.0019432792; 47.627069; 0.0096447716;
21; 27; 1.1607; -340.832297; -0.643511; 994.191114; 0.0019417795; 47.615088; 0.0096435585;
21; 28; 1.1707; -340.837791; -0.643164; 992.881109; 0.0019392209; 47.591193; 0.0096411384;
21; 29; 1.1807; -340.842833; -0.642825; 991.781452; 0.0019370731; 47.569629; 0.0096389539;
21; 30; 1.1907; -340.847450; -0.642489; 990.750811; 0.0019350602; 47.548587; 0.0096368218;
21; 31; 1.2008; -340.851665; -0.642168; 989.887400; 0.0019333738; 47.526552; 0.0096345886;
21; 32; 1.2108; -340.855503; -0.641693; 877.572180; 0.0017140082; 47.502465; 0.0096321468;
21; 33; 1.2208; -340.858986; -0.641535; 988.277947; 0.0019302304; 47.479144; 0.0096297821;
21; 34; 1.2308; -340.862135; -0.641230; 987.553990; 0.0019288164; 47.453555; 0.0096271867;
21; 35; 1.2409; -340.864969; -0.640929; 986.910763; 0.0019275601; 47.426854; 0.0096244779;
21; 36; 1.2509; -340.867508; -0.640645; 986.248633; 0.0019262669; 47.399258; 0.0096216774;
21; 37; 1.2609; -340.869771; -0.640347; 985.611234; 0.0019250219; 47.370905; 0.0096187992;
21; 38; 1.2709; -340.871774; -0.640063; 985.045595; 0.0019239172; 47.342058; 0.0096158701;
21; 39; 1.2810; -340.873534; -0.639791; 984.474508; 0.0019228018; 47.312969; 0.0096129154;
21; 40; 1.2910; -340.875066; -0.639521; 984.053732; 0.0019219799; 47.283818; 0.0096099536;
21; 41; 1.3010; -340.876385; -0.639260; 983.605192; 0.0019211039; 47.254851; 0.0096070095;
21; 42; 1.3110; -340.877506; -0.639005; 983.212989; 0.0019203379; 47.226257; 0.0096041024;
21; 43; 1.3211; -340.878441; -0.638762; 982.875791; 0.0019196793; 47.198186; 0.0096012477;
21; 44; 1.3311; -340.879204; -0.638524; 982.560877; 0.0019190642; 47.170868; 0.0095984687;
21; 45; 1.3411; -340.879807; -0.638295; 982.258832; 0.0019184743; 47.144437; 0.0095957792;
21; 46; 1.3511; -340.880261; -0.638073; 982.006737; 0.0019179819; 47.119020; 0.0095931922;
21; 47; 1.3612; -340.880576; -0.637862; 981.750109; 0.0019174807; 47.094630; 0.0095907090;
21; 48; 1.3712; -340.880765; -0.637659; 981.583321; 0.0019171549; 47.071358; 0.0095883391;
21; 49; 1.3812; -340.880835; -0.637464; 981.433302; 0.0019168619; 47.049205; 0.0095860825;
21; 50; 1.3912; -340.880797; -0.637280; 981.318072; 0.0019166369; 47.028091; 0.0095839314;
21; 51; 1.4013; -340.880660; -0.637106; 981.208281; 0.0019164224; 47.007991; 0.0095818830;
21; 52; 1.4113; -340.880431; -0.636942; 981.136390; 0.0019162820; 46.988698; 0.0095799166;
21; 53; 1.4213; -340.880119; -0.636788; 981.085885; 0.0019161834; 46.969988; 0.0095780090;
21; 54; 1.4313; -340.879731; -0.636643; 981.062921; 0.0019161385; 46.951517; 0.0095761256;
21; 55; 1.4414; -340.879275; -0.636510; 981.058027; 0.0019161290; 46.932977; 0.0095742347;
21; 56; 1.4514; -340.878757; -0.636389; 981.101912; 0.0019162147; 46.913893; 0.0095722880;
21; 57; 1.4614; -340.878183; -0.636278; 981.141124; 0.0019162913; 46.893844; 0.0095702424;
21; 58; 1.4714; -340.877560; -0.636178; 981.221497; 0.0019164482; 46.872521; 0.0095680663;
21; 59; 1.4815; -340.876893; -0.636090; 981.313548; 0.0019166280; 46.849656; 0.0095657323;
21; 60; 1.4915; -340.876188; -0.636013; 981.446293; 0.0019168873; 46.825212; 0.0095632365;
21; 61; 1.5015; -340.875449; -0.635950; 981.582740; 0.0019171538; 46.799248; 0.0095605848;
21; 62; 1.5115; -340.874681; -0.635897; 981.740180; 0.0019174613; 46.771944; 0.0095577954;
21; 63; 1.5216; -340.873889; -0.635857; 981.908655; 0.0019177903; 46.743587; 0.0095548977;
21; 64; 1.5316; -340.873077; -0.635828; 982.089386; 0.0019181433; 46.714515; 0.0095519258;
21; 65; 1.5416; -340.872248; -0.635810; 982.339228; 0.0019186313; 46.685051; 0.0095489130;
21; 66; 1.5516; -340.871406; -0.635806; 982.602512; 0.0019191455; 46.655450; 0.0095458853;
21; 67; 1.5617; -340.870555; -0.635814; 982.894513; 0.0019197158; 46.625992; 0.0095428712;
21; 68; 1.5717; -340.869696; -0.635834; 983.253552; 0.0019204171; 46.596838; 0.0095398872;
21; 69; 1.5817; -340.868834; -0.635867; 983.592671; 0.0019210794; 46.568191; 0.0095369544;
21; 70; 1.5917; -340.867970; -0.635912; 983.996610; 0.0019218684; 46.540240; 0.0095340918;
21; 71; 1.6018; -340.867108; -0.635969; 984.418103; 0.0019226916; 46.513148; 0.0095313164;
21; 72; 1.6118; -340.866249; -0.636039; 984.912491; 0.0019236572; 46.487000; 0.0095286370;
21; 73; 1.6218; -340.865395; -0.636106; 985.407641; 0.0019246243; 46.461902; 0.0095260644;
21; 74; 1.6318; -340.864547; -0.636213; 986.040012; 0.0019258594; 46.437899; 0.0095236033;
21; 75; 1.6419; -340.863709; -0.636317; 986.669299; 0.0019270885; 46.415004; 0.0095212555;
21; 76; 1.6519; -340.862880; -0.636433; 987.354708; 0.0019284272; 46.393222; 0.0095190211;
21; 77; 1.6619; -340.862063; -0.636559; 988.058864; 0.0019298025; 46.372465; 0.0095168913;
21; 78; 1.6719; -340.861258; -0.636696; 988.844596; 0.0019313371; 46.352664; 0.0095148593;
21; 79; 1.6820; -340.860466; -0.636843; 989.667313; 0.0019329440; 46.333579; 0.0095129002;
21; 80; 1.6920; -340.859688; -0.637000; 990.545230; 0.0019346587; 46.315048; 0.0095109978;
21; 81; 1.7020; -340.858925; -0.637166; 991.466695; 0.0019364584; 46.296679; 0.0095091115;
21; 82; 1.7120; -340.858178; -0.637342; 992.459202; 0.0019383969; 46.278010; 0.0095071941;
21; 83; 1.7221; -340.857446; -0.637524; 993.498564; 0.0019404269; 46.258489; 0.0095051886;
21; 84; 1.7321; -340.856730; -0.637715; 994.592634; 0.0019425637; 46.237610; 0.0095030433;
21; 85; 1.7421; -340.856032; -0.637911; 995.760717; 0.0019448452; 46.214859; 0.0095007051;
21; 86; 1.7521; -340.855349; -0.638115; 996.959686; 0.0019471869; 46.189916; 0.0094981408;
21; 87; 1.7622; -340.854684; -0.638324; 998.224424; 0.0019496571; 46.162620; 0.0094953340;
21; 88; 1.7722; -340.854035; -0.638538; 999.565074; 0.0019522755; 46.133195; 0.0094923072;
21; 89; 1.7822; -340.853404; -0.638755; 1000.954657; 0.0019549896; 46.101918; 0.0094890889;
21; 90; 1.7922; -340.852789; -0.638976; 1002.425460; 0.0019578622; 46.069255; 0.0094857268;
21; 91; 1.8023; -340.852192; -0.639198; 1003.987240; 0.0019609126; 46.035608; 0.0094822622;
21; 92; 1.8123; -340.851610; -0.639421; 1005.604909; 0.0019640721; 46.001447; 0.0094787434;
21; 93; 1.8223; -340.851046; -0.639644; 1007.298032; 0.0019673790; 45.967102; 0.0094752043;
21; 94; 1.8323; -340.850497; -0.639867; 1009.069684; 0.0019708392; 45.932905; 0.0094716791;
21; 95; 1.8424; -340.849965; -0.640086; 1010.896739; 0.0019744077; 45.899069; 0.0094681899;
21; 96; 1.8524; -340.849448; -0.640302; 1012.810698; 0.0019781459; 45.865837; 0.0094647616;
21; 97; 1.8624; -340.848947; -0.640512; 1014.765365; 0.0019819636; 45.833406; 0.0094614149;
21; 98; 1.8724; -340.848461; -0.640716; 1016.748379; 0.0019858367; 45.801919; 0.0094581644;
21; 99; 1.8825; -340.847989; -0.640911; 1018.750102; 0.0019897463; 45.771527; 0.0094550259;
21; 100; 1.8925; -340.847532; -0.641095; 1020.746041; 0.0019936446; 45.742303; 0.0094520070;
21; 101; 1.9025; -340.847089; -0.641266; 1022.724336; 0.0019975085; 45.714330; 0.0094491164;
21; 102; 1.9125; -340.846659; -0.641422; 1024.653836; 0.0020012770; 45.687614; 0.0094463549;
21; 103; 1.9226; -340.846243; -0.641560; 1026.457216; 0.0020047992; 45.662152; 0.0094437223;
21; 104; 1.9326; -340.845840; -0.641678; 1028.055070; 0.0020079201; 45.637897; 0.0094412138;
21; 105; 1.9426; -340.845450; -0.641772; 1029.316876; 0.0020103845; 45.614735; 0.0094388176;
21; 106; 1.9526; -340.845071; -0.641838; 1030.181963; 0.0020120741; 45.592563; 0.0094365234;
21; 107; 1.9627; -340.844705; -0.641874; 1030.486376; 0.0020126687; 45.571125; 0.0094343046;
21; 108; 1.9727; -340.844350; -0.641875; 1030.089879; 0.0020118943; 45.550142; 0.0094321323;
21; 109; 1.9827; -340.844006; -0.641836; 1028.851264; 0.0020094751; 45.529237; 0.0094299678;
21; 110; 1.9927; -340.843673; -0.641755; 1026.620024; 0.0020051172; 45.507980; 0.0094277661;
21; 111; 2.0028; -340.843350; -0.641627; 1023.263335; 0.0019985612; 45.485879; 0.0094254765;
21; 112; 2.0128; -340.843037; -0.641448; 1018.638138; 0.0019895276; 45.462527; 0.0094230568;
21; 113; 2.0228; -340.842735; -0.641216; 1012.601254; 0.0019777368; 45.437522; 0.0094204650;
21; 114; 2.0328; -340.842441; -0.640928; 1005.111791; 0.0019631090; 45.410669; 0.0094176809;
21; 115; 2.0429; -340.842156; -0.640129; 889.248549; 0.0017368136; 45.351647; 0.0094115586;
21; 116; 2.0529; -340.841880; -0.640182; 986.038871; 0.0019258572; 45.351810; 0.0094115755;
21; 117; 2.0629; -340.841613; -0.639725; 974.776982; 0.0019038613; 45.320388; 0.0094083146;
21; 118; 2.0729; -340.841353; -0.639215; 962.712378; 0.0018802976; 45.288082; 0.0094049606;
21; 119; 2.0830; -340.841102; -0.638655; 950.045100; 0.0018555568; 45.255199; 0.0094015456;
21; 120; 2.0930; -340.840857; -0.638048; 937.021252; 0.0018301196; 45.221965; 0.0093980929;
21; 121; 2.1030; -340.840620; -0.637400; 923.935801; 0.0018045621; 45.188473; 0.0093946121;
21; 122; 2.1130; -340.840390; -0.636715; 911.007206; 0.0017793109; 45.154883; 0.0093911198;
21; 123; 2.1231; -340.840167; -0.635996; 898.418023; 0.0017547227; 45.121192; 0.0093876156;
21; 124; 2.1331; -340.839949; -0.635250; 886.313065; 0.0017310802; 45.087400; 0.0093840998;
21; 125; 2.1431; -340.839738; -0.634481; 874.811678; 0.0017086166; 45.053245; 0.0093805447;
21; 126; 2.1531; -340.839533; -0.633692; 863.982915; 0.0016874666; 45.019266; 0.0093770066;
21; 127; 2.1632; -340.839334; -0.632885; 853.838105; 0.0016676525; 44.985228; 0.0093734611;
21; 128; 2.1732; -340.839139; -0.632064; 844.398469; 0.0016492158; 44.951220; 0.0093699174;
21; 129; 2.1832; -340.838950; -0.631235; 835.635657; 0.0016321009; 44.916953; 0.0093663453;
21; 130; 2.1932; -340.838766; -0.630397; 827.580508; 0.0016163682; 44.882861; 0.0093627901;
21; 131; 2.2033; -340.838587; -0.629553; 820.217618; 0.0016019875; 44.848811; 0.0093592379;
21; 132; 2.2133; -340.838412; -0.628705; 813.578430; 0.0015890204; 44.814847; 0.0093556933;
21; 133; 2.2233; -340.838242; -0.627856; 807.668141; 0.0015774768; 44.780909; 0.0093521502;
21; 134; 2.2333; -340.838075; -0.627007; 802.446513; 0.0015672783; 44.747182; 0.0093486277;
21; 135; 2.2434; -340.837913; -0.626159; 797.886546; 0.0015583722; 44.713611; 0.0093451202;
21; 136; 2.2534; -340.837754; -0.625313; 793.911351; 0.0015506081; 44.680260; 0.0093416344;
21; 137; 2.2634; -340.837600; -0.624471; 790.508961; 0.0015439628; 44.647153; 0.0093381728;
21; 138; 2.2734; -340.837448; -0.623634; 787.625183; 0.0015383304; 44.614297; 0.0093347361;
21; 139; 2.2835; -340.837300; -0.622803; 785.250210; 0.0015336918; 44.581746; 0.0093313302;
21; 140; 2.2935; -340.837155; -0.621979; 783.358024; 0.0015299961; 44.549516; 0.0093279565;
21; 141; 2.3035; -340.837013; -0.621161; 781.942362; 0.0015272312; 44.517618; 0.0093246165;
21; 142; 2.3135; -340.836874; -0.620352; 781.032239; 0.0015254536; 44.486081; 0.0093213130;
21; 143; 2.3236; -340.836738; -0.619551; 780.635924; 0.0015246795; 44.454923; 0.0093180482;
21; 144; 2.3336; -340.836604; -0.618760; 780.831649; 0.0015250618; 44.424190; 0.0093148267;
21; 145; 2.3436; -340.836473; -0.617978; 781.877199; 0.0015271039; 44.393938; 0.0093116545;
21; 146; 2.3536; -340.836344; -0.617207; 784.126558; 0.0015314972; 44.364202; 0.0093085355;
21; 147; 2.3637; -340.836220; -0.616338; 788.151363; 0.0015393581; 44.343116; 0.0093063230;
21; 148; 2.3737; -340.836093; -0.615516; 792.652480; 0.0015481494; 44.318276; 0.0093037161;
21; 149; 2.3837; -340.835968; -0.614733; 797.389272; 0.0015574009; 44.292187; 0.0093009773;
21; 150; 2.3937; -340.835845; -0.613979; 802.235196; 0.0015668656; 44.265796; 0.0092982059;
21; 151; 2.4038; -340.835724; -0.613251; 807.197384; 0.0015765574; 44.239578; 0.0092954518;
21; 152; 2.4138; -340.835606; -0.612543; 812.259143; 0.0015864436; 44.213773; 0.0092927405;
21; 153; 2.4238; -340.835490; -0.611855; 817.437453; 0.0015965575; 44.188516; 0.0092900859;
21; 154; 2.4338; -340.835375; -0.611186; 822.699855; 0.0016068357; 44.166493; 0.0092877705;
21; 155; 2.4439; -340.835262; -0.610531; 828.003177; 0.0016171937; 44.144408; 0.0092854482;
21; 156; 2.4539; -340.835151; -0.609895; 833.399857; 0.0016277341; 44.122606; 0.0092831549;
21; 157; 2.4639; -340.835062; -0.609442; 836.967133; 0.0016347014; 44.082094; 0.0092788922;
21; 158; 2.4739; -340.834952; -0.608127; 971.048342; 0.0018965788; 44.132573; 0.0092842034;
21; 159; 2.4840; -340.834841; -0.608164; 849.096635; 0.0016583919; 44.054033; 0.0092759384;
21; 160; 2.4940; -340.834733; -0.607566; 854.828288; 0.0016695865; 44.036161; 0.0092740567;
21; 161; 2.5040; -340.834627; -0.606994; 860.448183; 0.0016805629; 44.017769; 0.0092721198;
21; 162; 2.5140; -340.834539; -0.606525; 864.671223; 0.0016888110; 43.982406; 0.0092683946;
21; 163; 2.5241; -340.834435; -0.605985; 870.707222; 0.0017006000; 43.972627; 0.0092673640;
21; 164; 2.5341; -340.834331; -0.605459; 876.262431; 0.0017114501; 43.957098; 0.0092657275;
21; 165; 2.5441; -340.834229; -0.604958; 881.511526; 0.0017217022; 43.939699; 0.0092638936;
21; 166; 2.5541; -340.834145; -0.604539; 885.561462; 0.0017296122; 43.904703; 0.0092602038;
21; 167; 2.5642; -340.834046; -0.604080; 890.837733; 0.0017399174; 43.894470; 0.0092591246;
21; 168; 2.5742; -340.833946; -0.603633; 895.571950; 0.0017491640; 43.877969; 0.0092573840;
21; 169; 2.5842; -340.833848; -0.603210; 899.925765; 0.0017576675; 43.859109; 0.0092553943;
21; 170; 2.5942; -340.833769; -0.602851; 903.225591; 0.0017641125; 43.821503; 0.0092514255;
21; 171; 2.6043; -340.833673; -0.602480; 907.234851; 0.0017719431; 43.809157; 0.0092501221;
21; 172; 2.6143; -340.833577; -0.602115; 910.671615; 0.0017786555; 43.790084; 0.0092481083;
21; 173; 2.6243; -340.833483; -0.601773; 913.649742; 0.0017844722; 43.768342; 0.0092458122;
21; 174; 2.6343; -340.833408; -0.601472; 915.835632; 0.0017887415; 43.727026; 0.0092414473;
21; 175; 2.6444; -340.833316; -0.601191; 918.134639; 0.0017932317; 43.711547; 0.0092398114;
21; 176; 2.6544; -340.833223; -0.600907; 919.905624; 0.0017966907; 43.689259; 0.0092374555;
21; 177; 2.6644; -340.833133; -0.600643; 921.206778; 0.0017992320; 43.664264; 0.0092348127;
21; 178; 2.6744; -340.833062; -0.600403; 922.111082; 0.0018009982; 43.619190; 0.0092300450;
21; 179; 2.6845; -340.832973; -0.600203; 922.540560; 0.0018018370; 43.600647; 0.0092280829;
21; 180; 2.6945; -340.832884; -0.599993; 922.592798; 0.0018019391; 43.575499; 0.0092254212;
21; 181; 2.7045; -340.832812; -0.599788; 922.520819; 0.0018017985; 43.530619; 0.0092206692;
21; 182; 2.7145; -340.832725; -0.599641; 921.664838; 0.0018001266; 43.510233; 0.0092185098;
21; 183; 2.7246; -340.832638; -0.599480; 920.588794; 0.0017980250; 43.483625; 0.0092156907;
21; 184; 2.7346; -340.832568; -0.599313; 919.584341; 0.0017960632; 43.437261; 0.0092107763;
21; 185; 2.7446; -340.832484; -0.599214; 917.734196; 0.0017924496; 43.415800; 0.0092085007;
21; 186; 2.7546; -340.832399; -0.599095; 915.748691; 0.0017885717; 43.388300; 0.0092055838;
21; 187; 2.7647; -340.832331; -0.598959; 914.067368; 0.0017852878; 43.340297; 0.0092004900;
21; 188; 2.7747; -340.832249; -0.598899; 911.432183; 0.0017801410; 43.318338; 0.0091981590;
21; 189; 2.7847; -340.832166; -0.598818; 908.845383; 0.0017750886; 43.290398; 0.0091951922;
21; 190; 2.7947; -340.832102; -0.598710; 906.662992; 0.0017708262; 43.241025; 0.0091899471;
21; 191; 2.8048; -340.832022; -0.598683; 903.545785; 0.0017647379; 43.219261; 0.0091876340;
21; 192; 2.8148; -340.831941; -0.598631; 900.567611; 0.0017589211; 43.191551; 0.0091846882;
21; 193; 2.8248; -340.831879; -0.598549; 898.040130; 0.0017539846; 43.141962; 0.0091794142;
21; 194; 2.8348; -340.831801; -0.598545; 894.664732; 0.0017473921; 43.121044; 0.0091771885;
21; 195; 2.8449; -340.831722; -0.598514; 891.510741; 0.0017412319; 43.094160; 0.0091743273;
21; 196; 2.8549; -340.831662; -0.598451; 888.844169; 0.0017360238; 43.045271; 0.0091691218;
21; 197; 2.8649; -340.831586; -0.598470; 885.382686; 0.0017292631; 43.025439; 0.0091670093;
21; 198; 2.8749; -340.831510; -0.598459; 882.151805; 0.0017229527; 42.999666; 0.0091642634;
21; 199; 2.8850; -340.831452; -0.598409; 879.467688; 0.0017177103; 42.952029; 0.0091591857;
21; 200; 2.8950; -340.831379; -0.598443; 876.013049; 0.0017109630; 42.933301; 0.0091571886;
21; 201; 2.9050; -340.831304; -0.598448; 872.858011; 0.0017048008; 42.908589; 0.0091545529;
21; 202; 2.9150; -340.831249; -0.598409; 870.210676; 0.0016996302; 42.862241; 0.0091496073;
21; 203; 2.9251; -340.831177; -0.598456; 866.877624; 0.0016931204; 42.844331; 0.0091476956;
21; 204; 2.9351; -340.831105; -0.598470; 863.786207; 0.0016870824; 42.820425; 0.0091451432;
21; 205; 2.9451; -340.831052; -0.598444; 861.180574; 0.0016819933; 42.775050; 0.0091402965;
21; 206; 2.9551; -340.830982; -0.598497; 857.974821; 0.0016757321; 42.757621; 0.0091384342;
21; 207; 2.9652; -340.830912; -0.598518; 855.025015; 0.0016699707; 42.734149; 0.0091359255;
21; 208; 2.9752; -340.830861; -0.598498; 852.517394; 0.0016650730; 42.689317; 0.0091311320;
21; 209; 2.9852; -340.830793; -0.598560; 849.476071; 0.0016591330; 42.672078; 0.0091292882;
21; 210; 2.9952; -340.830725; -0.598588; 846.686268; 0.0016536841; 42.648762; 0.0091267937;
21; 211; 3.0053; -340.830676; -0.598575; 844.312975; 0.0016490488; 42.604220; 0.0091220265;
21; 212; 3.0153; -340.830610; -0.598640; 841.463520; 0.0016434834; 42.587031; 0.0091201861;
21; 213; 3.0253; -340.830543; -0.598672; 838.875306; 0.0016384283; 42.563706; 0.0091176883;
21; 214; 3.0353; -340.830497; -0.598663; 836.751932; 0.0016342811; 42.519643; 0.0091129676;
21; 215; 3.0454; -340.830433; -0.599084; 549.207882; 0.0010726716; 42.518640; 0.0091128600;
21; 216; 3.0554; -340.830368; -0.598767; 831.753193; 0.0016245180; 42.478902; 0.0091086007;
21; 217; 3.0654; -340.830323; -0.598807; 515.145811; 0.0010061442; 42.454240; 0.0091059562;
21; 218; 3.0754; -340.830261; -0.598832; 827.295129; 0.0016158108; 42.418176; 0.0091020876;
21; 219; 3.0855; -340.830198; -0.598868; 825.045603; 0.0016114172; 42.395030; 0.0090996040;
21; 220; 3.0955; -340.830156; -0.598867; 823.226957; 0.0016078651; 42.352814; 0.0090950723;
21; 221; 3.1055; -340.830096; -0.598938; 820.912662; 0.0016033450; 42.335926; 0.0090932588;
21; 222; 3.1155; -340.830034; -0.598976; 818.845752; 0.0015993081; 42.313644; 0.0090908656;
21; 223; 3.1256; -340.829994; -0.598976; 817.158769; 0.0015960132; 42.272897; 0.0090864873;
21; 224; 3.1356; -340.829936; -0.599049; 814.996926; 0.0015917909; 42.257042; 0.0090847832;
21; 225; 3.1456; -340.829876; -0.599087; 813.055003; 0.0015879981; 42.235930; 0.0090825134;
21; 226; 3.1556; -340.829838; -0.599091; 811.492492; 0.0015849463; 42.196382; 0.0090782602;
21; 227; 3.1657; -340.829781; -0.599163; 809.479752; 0.0015810151; 42.181459; 0.0090766548;
21; 228; 3.1757; -340.829724; -0.599201; 807.656683; 0.0015774545; 42.161133; 0.0090744677;
21; 229; 3.1857; -340.829687; -0.599205; 806.185860; 0.0015745818; 42.121671; 0.0090702199;
21; 230; 3.1957; -340.829633; -0.599281; 804.290149; 0.0015708792; 42.107039; 0.0090686444;
21; 231; 3.2058; -340.829577; -0.599315; 802.559337; 0.0015674987; 42.086733; 0.0090664574;
21; 232; 3.2158; -340.829542; -0.599319; 801.149263; 0.0015647447; 42.046252; 0.0090620961;
21; 233; 3.2258; -340.829489; -0.599392; 799.373972; 0.0015612773; 42.031542; 0.0090605108;
21; 234; 3.2358; -340.829435; -0.599429; 797.731672; 0.0015580697; 42.010975; 0.0090582937;
21; 235; 3.2459; -340.829403; -0.599436; 796.378978; 0.0015554277; 41.969481; 0.0090538192;
21; 236; 3.2559; -340.829351; -0.599509; 794.681633; 0.0015521126; 41.954700; 0.0090522248;
21; 237; 3.2659; -340.829299; -0.599542; 793.115326; 0.0015490534; 41.933925; 0.0090499833;
21; 238; 3.2759; -340.829268; -0.599550; 791.822566; 0.0015465284; 41.891808; 0.0090454374;
21; 239; 3.2860; -340.829219; -0.599618; 790.206356; 0.0015433718; 41.876941; 0.0090438321;
21; 240; 3.2960; -340.829168; -0.599653; 788.722737; 0.0015404741; 41.855981; 0.0090415686;
21; 241; 3.3060; -340.829139; -0.599662; 787.516753; 0.0015381187; 41.813589; 0.0090369888;
21; 242; 3.3160; -340.829091; -0.599728; 785.991338; 0.0015351393; 41.798489; 0.0090353569;
21; 243; 3.3261; -340.829042; -0.599762; 784.570948; 0.0015323651; 41.777257; 0.0090330618;
21; 244; 3.3361; -340.829014; -0.599769; 783.442962; 0.0015301620; 41.734665; 0.0090284560;
21; 245; 3.3461; -340.828968; -0.599835; 781.991828; 0.0015273278; 41.719235; 0.0090267868;
21; 246; 3.3561; -340.828921; -0.599867; 780.652343; 0.0015247116; 41.697666; 0.0090244531;
21; 247; 3.3662; -340.828895; -0.599875; 779.578907; 0.0015226151; 41.654663; 0.0090197985;
21; 248; 3.3762; -340.828850; -0.599939; 778.176653; 0.0015198763; 41.638688; 0.0090180687;
21; 249; 3.3862; -340.828804; -0.599970; 776.886722; 0.0015173569; 41.616501; 0.0090156657;
21; 250; 3.3962; -340.828780; -0.599978; 775.849146; 0.0015153304; 41.572674; 0.0090109172;
21; 251; 3.4063; -340.828736; -0.600044; 774.487459; 0.0015126708; 41.555967; 0.0090091064;
21; 252; 3.4163; -340.828692; -0.600071; 773.243387; 0.0015102410; 41.532923; 0.0090066081;
21; 253; 3.4263; -340.828669; -0.600078; 772.243501; 0.0015082881; 41.488249; 0.0090017630;
21; 254; 3.4363; -340.828627; -0.600143; 770.916504; 0.0015056963; 41.470478; 0.0089998349;
21; 255; 3.4464; -340.828598; -0.600148; 769.869416; 0.0015036512; 41.430044; 0.0089954463;
21; 256; 3.4564; -340.828557; -0.600203; 768.584507; 0.0015011416; 41.411529; 0.0089934360;
21; 257; 3.4664; -340.828529; -0.600209; 767.602077; 0.0014992228; 41.371007; 0.0089890349;
21; 258; 3.4764; -340.828489; -0.600265; 766.345302; 0.0014967682; 41.351929; 0.0089869620;
21; 259; 3.4865; -340.828461; -0.600273; 765.371678; 0.0014948666; 41.311200; 0.0089825352;
21; 260; 3.4965; -340.828422; -0.600328; 764.133081; 0.0014924474; 41.291957; 0.0089804428;
21; 261; 3.5065; -340.828395; -0.600334; 763.172731; 0.0014905717; 41.251428; 0.0089760345;
21; 262; 3.5165; -340.828357; -0.600389; 761.973386; 0.0014882293; 41.232458; 0.0089739704;
21; 263; 3.5266; -340.828331; -0.600394; 761.046876; 0.0014864197; 41.192548; 0.0089696263;
21; 264; 3.5366; -340.828294; -0.600448; 759.863173; 0.0014841078; 41.174184; 0.0089676267;
21; 265; 3.5466; -340.828269; -0.600453; 758.942843; 0.0014823102; 41.135106; 0.0089633701;
21; 266; 3.5566; -340.828233; -0.600506; 757.779410; 0.0014800379; 41.117607; 0.0089614634;
21; 267; 3.5667; -340.828209; -0.600513; 756.881006; 0.0014782832; 41.079480; 0.0089573076;
21; 268; 3.5767; -340.828173; -0.600563; 755.751146; 0.0014760765; 41.062894; 0.0089554991;
21; 269; 3.5867; -340.828150; -0.600569; 754.880274; 0.0014743755; 41.025769; 0.0089514499;
21; 270; 3.5967; -340.828115; -0.600619; 753.792322; 0.0014722506; 41.009974; 0.0089497266;
21; 271; 3.6068; -340.828093; -0.600624; 752.932306; 0.0014705709; 40.973566; 0.0089457529;
21; 272; 3.6168; -340.828059; -0.600674; 751.852226; 0.0014684614; 40.958353; 0.0089440921;
21; 273; 3.6268; -340.828037; -0.600678; 751.042078; 0.0014668791; 40.922297; 0.0089401544;
21; 274; 3.6368; -340.828004; -0.600727; 750.015239; 0.0014648735; 40.907420; 0.0089385293;
21; 275; 3.6469; -340.827983; -0.600731; 749.245546; 0.0014633702; 40.871380; 0.0089345908;
21; 276; 3.6569; -340.827950; -0.600779; 748.266649; 0.0014614583; 40.856707; 0.0089329870;
21; 277; 3.6669; -340.827930; -0.600782; 747.563252; 0.0014600845; 40.820622; 0.0089290413;
21; 278; 3.6769; -340.827898; -0.600829; 746.624558; 0.0014582511; 40.806222; 0.0089274661;
21; 279; 3.6870; -340.827878; -0.600832; 745.986166; 0.0014570042; 40.770378; 0.0089235444;
21; 280; 3.6970; -340.827847; -0.600878; 745.077463; 0.0014552294; 40.756283; 0.0089220018;
21; 281; 3.7070; -340.827828; -0.600881; 744.458730; 0.0014540210; 40.720834; 0.0089181209;
21; 282; 3.7170; -340.827797; -0.600926; 743.566015; 0.0014522774; 40.707056; 0.0089166120;
21; 283; 3.7271; -340.827779; -0.600929; 742.990014; 0.0014511524; 40.672122; 0.0089127851;
21; 284; 3.7371; -340.827749; -0.600973; 742.130870; 0.0014494744; 40.658657; 0.0089113096;
21; 285; 3.7471; -340.827732; -0.600976; 741.578187; 0.0014483949; 40.624364; 0.0089075508;
21; 286; 3.7571; -340.827702; -0.601019; 740.740183; 0.0014467582; 40.611122; 0.0089060989;
21; 287; 3.7672; -340.827685; -0.601021; 740.203680; 0.0014457103; 40.577338; 0.0089023937;
21; 288; 3.7772; -340.827656; -0.601064; 739.380746; 0.0014441030; 40.564216; 0.0089009541;
21; 289; 3.7872; -340.827640; -0.601066; 738.863060; 0.0014430919; 40.530867; 0.0088972945;
21; 290; 3.7972; -340.827611; -0.601108; 738.039733; 0.0014414839; 40.517742; 0.0088958538;
21; 291; 3.8073; -340.827596; -0.601109; 737.532137; 0.0014404925; 40.484599; 0.0088922147;
21; 292; 3.8173; -340.827568; -0.601151; 736.714623; 0.0014388957; 40.471329; 0.0088907572;
21; 293; 3.8273; -340.827553; -0.601154; 736.207861; 0.0014379060; 40.438171; 0.0088871144;
21; 294; 3.8373; -340.827526; -0.601193; 735.399805; 0.0014363277; 40.424542; 0.0088856167;
21; 295; 3.8474; -340.827511; -0.601194; 734.886659; 0.0014353255; 40.391072; 0.0088819374;
21; 296; 3.8574; -340.827484; -0.601235; 734.094733; 0.0014337788; 40.376869; 0.0088803757;
21; 297; 3.8674; -340.827470; -0.601237; 733.594471; 0.0014328017; 40.342810; 0.0088766295;
21; 298; 3.8774; -340.827444; -0.601275; 732.809471; 0.0014312685; 40.327881; 0.0088749869;
21; 299; 3.8875; -340.827431; -0.601278; 732.317557; 0.0014303077; 40.293026; 0.0088711508;
21; 300; 3.8975; -340.827405; -0.601315; 731.535682; 0.0014287806; 40.277368; 0.0088694270;
21; 301; 3.9075; -340.827392; -0.601317; 731.036270; 0.0014278052; 40.241872; 0.0088655178;
21; 302; 3.9175; -340.827367; -0.601354; 730.256461; 0.0014262822; 40.225612; 0.0088637266;
21; 303; 3.9276; -340.827354; -0.601354; 729.792749; 0.0014253765; 40.189641; 0.0088597626;
21; 304; 3.9376; -340.827330; -0.601392; 729.023969; 0.0014238749; 40.173169; 0.0088579467;
21; 305; 3.9476; -340.827318; -0.601394; 728.573106; 0.0014229943; 40.137093; 0.0088539686;
21; 306; 3.9576; -340.827294; -0.601430; 727.841100; 0.0014215646; 40.120764; 0.0088521674;
21; 307; 3.9677; -340.827282; -0.601431; 727.413436; 0.0014207294; 40.084854; 0.0088482049;
21; 308; 3.9777; -340.827258; -0.601466; 726.681686; 0.0014193002; 40.068963; 0.0088464509;
21; 309; 3.9877; -340.827247; -0.601468; 726.244627; 0.0014184465; 40.033403; 0.0088425245;
21; 310; 3.9977; -340.827224; -0.601502; 725.507764; 0.0014170074; 40.018102; 0.0088408346;
21; 311; 4.0078; -340.827213; -0.601503; 725.045425; 0.0014161043; 39.983040; 0.0088369607;
21; 312; 4.0178; -340.827190; -0.601536; 724.316352; 0.0014146804; 39.968313; 0.0088353332;
21; 313; 4.0278; -340.827180; -0.601537; 723.875753; 0.0014138198; 39.933734; 0.0088315103;
21; 314; 4.0378; -340.827157; -0.601570; 723.150408; 0.0014124031; 39.919521; 0.0088299386;
21; 315; 4.0479; -340.827147; -0.601568; 722.740329; 0.0014116022; 39.885285; 0.0088261513;
21; 316; 4.0579; -340.827125; -0.601602; 722.023843; 0.0014102028; 39.871411; 0.0088246161;
21; 317; 4.0679; -340.827115; -0.601603; 721.596273; 0.0014093677; 39.837247; 0.0088208347;
21; 318; 4.0779; -340.827093; -0.601634; 720.892369; 0.0014079929; 39.823437; 0.0088193055;
21; 319; 4.0880; -340.827084; -0.601633; 720.459866; 0.0014071482; 39.788911; 0.0088154817;
21; 320; 4.0980; -340.827062; -0.601666; 719.751555; 0.0014057648; 39.774877; 0.0088139269;
21; 321; 4.1080; -340.827053; -0.601666; 719.299875; 0.0014048826; 39.739596; 0.0088100169;
21; 322; 4.1180; -340.827032; -0.601697; 718.577062; 0.0014034708; 39.725189; 0.0088084198;
21; 323; 4.1281; -340.827023; -0.601697; 718.106701; 0.0014025521; 39.689043; 0.0088044115;
21; 324; 4.1381; -340.827002; -0.601727; 717.372399; 0.0014011180; 39.674299; 0.0088027760;
21; 325; 4.1481; -340.826994; -0.601727; 716.881642; 0.0014001595; 39.637518; 0.0087986946;
21; 326; 4.1581; -340.826973; -0.601758; 716.151323; 0.0013987331; 39.622553; 0.0087970335;
21; 327; 4.1682; -340.826965; -0.601757; 715.665550; 0.0013977843; 39.585449; 0.0087929136;
21; 328; 4.1782; -340.826945; -0.601787; 714.930328; 0.0013963483; 39.570368; 0.0087912385;
21; 329; 4.1882; -340.826937; -0.601786; 714.444884; 0.0013954002; 39.533237; 0.0087871129;
21; 330; 4.1982; -340.826917; -0.601814; 713.709304; 0.0013939635; 39.518122; 0.0087854330;
21; 331; 4.2083; -340.826910; -0.601814; 713.232504; 0.0013930322; 39.481246; 0.0087813330;
21; 332; 4.2183; -340.826890; -0.601842; 712.500875; 0.0013916033; 39.466179; 0.0087796572;
21; 333; 4.2283; -340.826883; -0.601842; 712.037333; 0.0013906979; 39.429665; 0.0087755949;
21; 334; 4.2383; -340.826864; -0.601870; 711.321670; 0.0013893001; 39.414704; 0.0087739298;
21; 335; 4.2484; -340.826857; -0.601869; 710.856405; 0.0013883914; 39.378734; 0.0087699253;
21; 336; 4.2584; -340.826838; -0.601897; 710.133044; 0.0013869786; 39.363905; 0.0087682739;
21; 337; 4.2684; -340.826831; -0.601896; 709.683612; 0.0013861008; 39.328542; 0.0087643344;
21; 338; 4.2784; -340.826813; -0.601924; 708.967735; 0.0013847026; 39.313835; 0.0087626956;
21; 339; 4.2885; -340.826807; -0.601923; 708.518290; 0.0013838248; 39.279073; 0.0087588207;
21; 340; 4.2985; -340.826788; -0.601950; 707.801946; 0.0013824257; 39.264418; 0.0087571865;
21; 341; 4.3085; -340.826782; -0.601946; 707.369127; 0.0013815803; 39.230131; 0.0087533622;
21; 342; 4.3185; -340.826764; -0.601977; 706.678535; 0.0013802315; 39.215397; 0.0087517182;
21; 343; 4.3286; -340.826759; -0.601974; 706.252442; 0.0013793993; 39.181406; 0.0087479245;
21; 344; 4.3386; -340.826741; -0.602001; 705.581911; 0.0013780897; 39.166455; 0.0087462554;
21; 345; 4.3486; -340.826736; -0.601999; 705.206966; 0.0013773574; 39.132589; 0.0087424732;
21; 346; 4.3586; -340.826718; -0.602025; 704.564564; 0.0013761027; 39.117336; 0.0087407693;
21; 347; 4.3687; -340.826713; -0.602020; 704.217080; 0.0013754240; 39.083465; 0.0087369842;
21; 348; 4.3787; -340.826695; -0.602049; 703.592103; 0.0013742033; 39.068055; 0.0087352615;
21; 349; 4.3887; -340.826691; -0.602044; 703.248007; 0.0013735313; 39.034277; 0.0087314845;
21; 350; 4.3987; -340.826673; -0.602073; 702.613668; 0.0013722923; 39.018978; 0.0087297733;
21; 351; 4.4088; -340.826669; -0.602067; 702.298102; 0.0013716760; 38.985430; 0.0087260196;
21; 352; 4.4188; -340.826652; -0.602095; 701.675453; 0.0013704599; 38.970570; 0.0087243564;
21; 353; 4.4288; -340.826647; -0.602091; 701.382541; 0.0013698878; 38.937550; 0.0087206595;
21; 354; 4.4388; -340.826630; -0.602116; 700.802885; 0.0013687556; 38.923312; 0.0087190650;
21; 355; 4.4489; -340.826626; -0.602113; 700.540409; 0.0013682430; 38.890861; 0.0087154296;
21; 356; 4.4589; -340.826609; -0.602138; 699.955109; 0.0013670998; 38.877395; 0.0087139206;
21; 357; 4.4689; -340.826605; -0.602135; 699.697584; 0.0013665968; 38.845634; 0.0087103605;
21; 358; 4.4789; -340.826588; -0.602160; 699.114575; 0.0013654582; 38.832957; 0.0087089391;
21; 359; 4.4890; -340.826585; -0.602154; 698.841737; 0.0013649253; 38.801937; 0.0087054600;
21; 360; 4.4990; -340.826568; -0.602181; 698.273106; 0.0013638147; 38.789986; 0.0087041192;
21; 361; 4.5090; -340.826564; -0.602175; 698.006043; 0.0013632931; 38.759682; 0.0087007186;
21; 362; 4.5190; -340.826548; -0.602202; 697.443860; 0.0013621950; 38.748365; 0.0086994482;
21; 363; 4.5291; -340.826545; -0.602196; 697.185044; 0.0013616895; 38.718691; 0.0086961165;
21; 364; 4.5391; -340.826529; -0.602222; 696.652599; 0.0013606496; 38.707822; 0.0086948960;
21; 365; 4.5491; -340.826525; -0.602219; 696.433419; 0.0013602215; 38.678541; 0.0086916066;
21; 366; 4.5591; -340.826509; -0.602242; 695.898449; 0.0013591767; 38.667888; 0.0086904096;
21; 367; 4.5692; -340.826506; -0.602236; 695.636881; 0.0013586658; 38.638651; 0.0086871236;
21; 368; 4.5792; -340.826491; -0.602262; 695.113647; 0.0013576438; 38.627902; 0.0086859151;
21; 369; 4.5892; -340.826488; -0.602258; 694.868960; 0.0013571659; 38.598229; 0.0086825783;
21; 370; 4.5992; -340.826472; -0.602281; 694.327632; 0.0013561087; 38.587136; 0.0086813306;
21; 371; 4.6093; -340.826469; -0.602278; 694.072037; 0.0013556094; 38.556681; 0.0086779039;
21; 372; 4.6193; -340.826454; -0.602300; 693.515981; 0.0013545234; 38.545135; 0.0086766046;
21; 373; 4.6293; -340.826451; -0.602297; 693.248325; 0.0013540006; 38.513869; 0.0086730848;
21; 374; 4.6393; -340.826436; -0.602319; 692.684888; 0.0013529002; 38.501919; 0.0086717392;
21; 375; 4.6494; -340.826434; -0.602315; 692.408496; 0.0013523603; 38.470012; 0.0086681452;
21; 376; 4.6594; -340.826419; -0.602337; 691.848656; 0.0013512669; 38.457693; 0.0086667573;
21; 377; 4.6694; -340.826417; -0.602331; 691.581621; 0.0013507454; 38.425321; 0.0086631088;
21; 378; 4.6794; -340.826402; -0.602355; 691.021356; 0.0013496511; 38.412663; 0.0086616818;
21; 379; 4.6895; -340.826400; -0.602349; 690.733923; 0.0013490897; 38.379947; 0.0086579925;
21; 380; 4.6995; -340.826385; -0.602373; 690.165466; 0.0013479794; 38.366973; 0.0086565290;
21; 381; 4.7095; -340.826383; -0.602370; 689.885145; 0.0013474319; 38.334004; 0.0086528088;
21; 382; 4.7195; -340.826369; -0.602391; 689.313909; 0.0013463162; 38.320726; 0.0086513102;
21; 383; 4.7296; -340.826367; -0.602387; 689.020717; 0.0013457436; 38.287543; 0.0086475636;
21; 384; 4.7396; -340.826353; -0.602408; 688.437804; 0.0013446051; 38.273946; 0.0086460280;
21; 385; 4.7496; -340.826351; -0.602402; 688.139488; 0.0013440224; 38.240594; 0.0086422602;
21; 386; 4.7596; -340.826337; -0.602426; 687.550550; 0.0013428722; 38.226654; 0.0086406848;
21; 387; 4.7697; -340.826336; -0.602418; 687.230052; 0.0013422462; 38.193118; 0.0086368937;
21; 388; 4.7797; -340.826322; -0.602441; 686.630813; 0.0013410758; 38.178800; 0.0086352747;
21; 389; 4.7897; -340.826320; -0.602435; 686.312261; 0.0013404536; 38.145054; 0.0086314575;
21; 390; 4.7997; -340.826306; -0.602458; 685.705562; 0.0013392687; 38.130269; 0.0086297845;
21; 391; 4.8098; -340.826305; -0.602451; 685.380909; 0.0013386346; 38.096244; 0.0086259334;
21; 392; 4.8198; -340.826291; -0.602473; 684.768479; 0.0013374384; 38.080912; 0.0086241974;
21; 393; 4.8298; -340.826290; -0.602469; 684.454186; 0.0013368246; 38.046523; 0.0086203025;
21; 394; 4.8398; -340.826277; -0.602489; 683.840202; 0.0013356254; 38.030614; 0.0086185001;
21; 395; 4.8499; -340.826276; -0.602482; 683.501289; 0.0013349635; 37.995794; 0.0086145537;
21; 396; 4.8599; -340.826262; -0.602504; 682.879795; 0.0013337496; 37.979430; 0.0086126985;
21; 397; 4.8699; -340.826261; -0.602500; 682.540632; 0.0013330872; 37.944235; 0.0086087069;
21; 398; 4.8799; -340.826248; -0.602519; 681.896565; 0.0013318292; 37.927683; 0.0086068290;
21; 399; 4.8900; -340.826247; -0.602515; 681.554005; 0.0013311602; 37.892280; 0.0086028111;
21; 400; 4.9000; -340.826234; -0.602534; 680.916986; 0.0013299160; 37.875863; 0.0086009474;
