25; 1; 0.9000; -340.398846; -0.534507; 999.708510; 0.0019525557; 48.117996; 0.0096943520;
25; 2; 0.9100; -340.432213; -0.536345; 1002.198871; 0.0019574197; 48.123957; 0.0096949525;
25; 3; 0.9201; -340.463584; -0.537688; 1004.046610; 0.0019610285; 48.099228; 0.0096924612;
25; 4; 0.9301; -340.493077; -0.539731; 1005.911303; 0.0019646705; 48.089408; 0.0096914717;
25; 5; 0.9401; -340.520810; -0.541039; 1007.509815; 0.0019677926; 48.073103; 0.0096898287;
25; 6; 0.9501; -340.546853; -0.542203; 1008.897316; 0.0019705026; 48.051085; 0.0096876094;
25; 7; 0.9602; -340.571317; -0.543837; 1010.161046; 0.0019729708; 48.043691; 0.0096868640;
25; 8; 0.9702; -340.594278; -0.545192; 1011.029836; 0.0019746676; 48.028293; 0.0096853116;
25; 9; 0.9802; -340.615820; -0.546028; 1011.335681; 0.0019752650; 47.992456; 0.0096816974;
25; 10; 0.9902; -340.636025; -0.547364; 1011.682817; 0.0019759430; 47.986390; 0.0096810856;
25; 11; 1.0003; -340.654960; -0.548072; 1011.626223; 0.0019758325; 47.961816; 0.0096786064;
25; 12; 1.0103; -340.672697; -0.549278; 1011.193896; 0.0019749881; 47.953550; 0.0096777724;
25; 13; 1.0203; -340.689301; -0.549826; 1010.237914; 0.0019731209; 47.914168; 0.0096737975;
25; 14; 1.0303; -340.704840; -0.550715; 1009.210090; 0.0019711135; 47.905166; 0.0096728888;
25; 15; 1.0404; -340.719361; -0.551192; 1007.921638; 0.0019685969; 47.878487; 0.0096701949;
25; 16; 1.0504; -340.732927; -0.551708; 1006.314753; 0.0019654585; 47.855534; 0.0096678767;
25; 17; 1.0604; -340.745589; -0.552201; 1004.463625; 0.0019618430; 47.835327; 0.0096658354;
25; 18; 1.0704; -340.757405; -0.552969; 1002.069449; 0.0019571669; 47.821775; 0.0096644660;
25; 19; 1.0805; -340.768407; -0.553209; 999.803367; 0.0019527410; 47.792716; 0.0096615293;
25; 20; 1.0905; -340.778647; -0.553482; 997.398767; 0.0019480445; 47.771987; 0.0096594339;
25; 21; 1.1005; -340.788168; -0.553745; 994.720599; 0.0019428137; 47.748125; 0.0096570211;
25; 22; 1.1105; -340.797016; -0.554258; 991.543539; 0.0019366085; 47.732926; 0.0096554840;
25; 23; 1.1206; -340.805216; -0.554322; 988.876858; 0.0019314001; 47.707500; 0.0096529120;
25; 24; 1.1306; -340.812810; -0.554416; 985.944212; 0.0019256723; 47.682455; 0.0096503779;
25; 25; 1.1406; -340.819832; -0.554511; 982.976852; 0.0019198767; 47.660805; 0.0096481869;
25; 26; 1.1506; -340.826316; -0.554588; 979.899598; 0.0019138664; 47.637526; 0.0096458304;
25; 27; 1.1607; -340.832297; -0.554889; 976.396364; 0.0019070241; 47.620894; 0.0096441463;
25; 28; 1.1707; -340.837791; -0.554807; 973.501246; 0.0019013696; 47.593880; 0.0096414106;
25; 29; 1.1807; -340.842833; -0.554758; 970.486083; 0.0018954806; 47.569611; 0.0096389521;
25; 30; 1.1907; -340.847450; -0.554714; 967.432096; 0.0018895158; 47.546303; 0.0096365904;
25; 31; 1.2008; -340.851665; -0.554670; 964.383666; 0.0018835618; 47.522968; 0.0096342253;
25; 32; 1.2108; -340.855503; -0.554616; 961.340759; 0.0018776187; 47.499645; 0.0096318609;
25; 33; 1.2208; -340.858986; -0.554546; 958.307199; 0.0018716937; 47.476226; 0.0096294862;
25; 34; 1.2308; -340.862135; -0.554470; 955.318378; 0.0018658562; 47.452676; 0.0096270976;
25; 35; 1.2409; -340.864969; -0.554383; 952.359634; 0.0018600774; 47.429037; 0.0096246993;
25; 36; 1.2509; -340.867508; -0.554297; 949.488158; 0.0018544691; 47.405344; 0.0096222951;
25; 37; 1.2609; -340.869771; -0.554181; 946.555871; 0.0018487419; 47.381520; 0.0096198769;
25; 38; 1.2709; -340.871774; -0.554067; 943.718674; 0.0018432005; 47.357625; 0.0096174509;
25; 39; 1.2810; -340.873534; -0.553953; 940.932252; 0.0018377583; 47.333675; 0.0096150187;
25; 40; 1.2910; -340.875066; -0.553830; 938.181072; 0.0018323849; 47.309647; 0.0096125779;
25; 41; 1.3010; -340.876385; -0.553707; 935.482328; 0.0018271139; 47.285552; 0.0096101298;
25; 42; 1.3110; -340.877506; -0.553580; 932.824804; 0.0018219234; 47.261406; 0.0096076757;
25; 43; 1.3211; -340.878441; -0.553456; 930.219544; 0.0018168350; 47.237163; 0.0096052113;
25; 44; 1.3311; -340.879204; -0.553331; 927.657073; 0.0018118302; 47.212896; 0.0096027437;
25; 45; 1.3411; -340.879807; -0.553208; 925.141391; 0.0018069168; 47.188608; 0.0096002734;
25; 46; 1.3511; -340.880261; -0.553086; 922.673961; 0.0018020976; 47.164297; 0.0095978001;
25; 47; 1.3612; -340.880576; -0.552969; 920.241412; 0.0017973465; 47.139891; 0.0095953166;
25; 48; 1.3712; -340.880765; -0.552854; 917.854454; 0.0017926845; 47.115450; 0.0095928287;
25; 49; 1.3812; -340.880835; -0.552743; 915.503126; 0.0017880920; 47.090960; 0.0095903353;
25; 50; 1.3912; -340.880797; -0.552638; 913.188251; 0.0017835708; 47.066404; 0.0095878345;
25; 51; 1.4013; -340.880660; -0.552541; 910.911708; 0.0017791244; 47.041845; 0.0095853327;
25; 52; 1.4113; -340.880431; -0.552450; 908.665254; 0.0017747368; 47.017240; 0.0095828256;
25; 53; 1.4213; -340.880119; -0.552367; 906.452742; 0.0017704155; 46.992606; 0.0095803149;
25; 54; 1.4313; -340.879731; -0.552289; 904.266934; 0.0017661464; 46.967910; 0.0095777972;
25; 55; 1.4414; -340.879275; -0.552221; 902.119073; 0.0017619513; 46.943200; 0.0095752774;
25; 56; 1.4514; -340.878757; -0.552163; 899.996690; 0.0017578060; 46.918439; 0.0095727518;
25; 57; 1.4614; -340.878183; -0.552114; 897.903043; 0.0017537169; 46.893615; 0.0095702190;
25; 58; 1.4714; -340.877560; -0.552074; 895.838900; 0.0017496854; 46.868745; 0.0095676809;
25; 59; 1.4815; -340.876893; -0.552045; 893.797797; 0.0017456988; 46.843827; 0.0095651372;
25; 60; 1.4915; -340.876188; -0.552026; 891.783435; 0.0017417645; 46.818864; 0.0095625883;
25; 61; 1.5015; -340.875449; -0.552019; 889.802164; 0.0017378949; 46.793863; 0.0095600347;
25; 62; 1.5115; -340.874681; -0.552022; 887.844097; 0.0017340705; 46.768783; 0.0095574725;
25; 63; 1.5216; -340.873889; -0.552037; 885.914433; 0.0017303016; 46.743638; 0.0095549028;
25; 64; 1.5316; -340.873077; -0.552063; 884.005627; 0.0017265735; 46.718446; 0.0095523277;
25; 65; 1.5416; -340.872248; -0.552098; 882.121463; 0.0017228935; 46.693235; 0.0095497500;
25; 66; 1.5516; -340.871406; -0.552149; 880.266578; 0.0017192707; 46.667970; 0.0095471660;
25; 67; 1.5617; -340.870555; -0.552211; 878.433678; 0.0017156908; 46.642701; 0.0095445810;
25; 68; 1.5717; -340.869696; -0.552287; 876.628574; 0.0017121652; 46.617353; 0.0095419871;
25; 69; 1.5817; -340.868834; -0.552374; 874.842749; 0.0017086772; 46.591934; 0.0095393853;
25; 70; 1.5917; -340.867970; -0.552475; 873.080165; 0.0017052347; 46.566464; 0.0095367775;
25; 71; 1.6018; -340.867108; -0.552588; 871.342799; 0.0017018414; 46.540956; 0.0095341651;
25; 72; 1.6118; -340.866249; -0.552714; 869.626601; 0.0016984895; 46.515392; 0.0095315464;
25; 73; 1.6218; -340.865395; -0.552829; 867.863525; 0.0016950459; 46.489751; 0.0095289189;
25; 74; 1.6318; -340.864547; -0.553003; 866.262197; 0.0016919184; 46.464070; 0.0095262866;
25; 75; 1.6419; -340.863709; -0.553166; 864.614509; 0.0016887002; 46.438316; 0.0095236462;
25; 76; 1.6519; -340.862880; -0.553342; 862.986311; 0.0016855201; 46.412503; 0.0095209989;
25; 77; 1.6619; -340.862063; -0.553530; 861.379362; 0.0016823816; 46.386616; 0.0095183434;
25; 78; 1.6719; -340.861258; -0.553730; 859.793573; 0.0016792843; 46.360692; 0.0095156832;
25; 79; 1.6820; -340.860466; -0.553941; 858.229550; 0.0016762296; 46.334661; 0.0095130113;
25; 80; 1.6920; -340.859688; -0.554164; 856.688408; 0.0016732195; 46.308614; 0.0095103371;
25; 81; 1.7020; -340.858925; -0.554399; 855.165873; 0.0016702458; 46.282512; 0.0095076565;
25; 82; 1.7120; -340.858178; -0.554646; 853.666912; 0.0016673182; 46.256328; 0.0095049666;
25; 83; 1.7221; -340.857446; -0.554901; 852.178540; 0.0016644112; 46.230060; 0.0095022674;
25; 84; 1.7321; -340.856730; -0.555167; 850.715998; 0.0016615547; 46.203733; 0.0094995614;
25; 85; 1.7421; -340.856032; -0.555442; 849.270527; 0.0016587315; 46.177337; 0.0094968474;
25; 86; 1.7521; -340.855349; -0.555727; 847.841702; 0.0016559408; 46.150885; 0.0094941270;
25; 87; 1.7622; -340.854684; -0.556022; 846.434090; 0.0016531916; 46.124312; 0.0094913933;
25; 88; 1.7722; -340.854035; -0.556325; 845.045404; 0.0016504793; 46.097689; 0.0094886537;
25; 89; 1.7822; -340.853404; -0.556636; 843.678453; 0.0016478095; 46.070971; 0.0094859035;
25; 90; 1.7922; -340.852789; -0.556954; 842.327116; 0.0016451701; 46.044179; 0.0094831449;
25; 91; 1.8023; -340.852192; -0.557280; 840.992917; 0.0016425643; 46.017279; 0.0094803744;
25; 92; 1.8123; -340.851610; -0.557612; 839.676609; 0.0016399934; 45.990304; 0.0094775953;
25; 93; 1.8223; -340.851046; -0.557950; 838.372313; 0.0016374459; 45.963225; 0.0094748047;
25; 94; 1.8323; -340.850497; -0.558295; 837.084716; 0.0016349311; 45.936085; 0.0094720070;
25; 95; 1.8424; -340.849965; -0.558644; 835.819954; 0.0016324608; 45.908839; 0.0094691975;
25; 96; 1.8524; -340.849448; -0.558999; 834.571282; 0.0016300220; 45.881503; 0.0094663779;
25; 97; 1.8624; -340.848947; -0.559357; 833.339639; 0.0016276165; 45.854106; 0.0094635512;
25; 98; 1.8724; -340.848461; -0.559720; 832.124771; 0.0016252437; 45.826622; 0.0094607146;
25; 99; 1.8825; -340.847989; -0.560086; 830.926566; 0.0016229034; 45.799090; 0.0094578722;
25; 100; 1.8925; -340.847532; -0.560455; 829.745588; 0.0016205969; 45.771478; 0.0094550208;
25; 101; 1.9025; -340.847089; -0.560827; 828.583309; 0.0016183268; 45.743830; 0.0094521647;
25; 102; 1.9125; -340.846659; -0.561201; 827.431719; 0.0016160776; 45.716111; 0.0094493005;
25; 103; 1.9226; -340.846243; -0.561576; 826.293006; 0.0016138535; 45.688345; 0.0094464305;
25; 104; 1.9326; -340.845840; -0.561954; 825.168341; 0.0016116569; 45.660528; 0.0094435544;
25; 105; 1.9426; -340.845450; -0.562331; 824.056352; 0.0016094851; 45.632651; 0.0094406712;
25; 106; 1.9526; -340.845071; -0.562710; 822.957894; 0.0016073396; 45.604764; 0.0094377860;
25; 107; 1.9627; -340.844705; -0.563089; 821.873414; 0.0016052215; 45.576826; 0.0094348947;
25; 108; 1.9727; -340.844350; -0.563469; 820.807392; 0.0016031394; 45.548838; 0.0094319974;
25; 109; 1.9827; -340.844006; -0.563847; 819.750084; 0.0016010744; 45.520792; 0.0094290931;
25; 110; 1.9927; -340.843673; -0.564225; 818.708407; 0.0015990399; 45.492694; 0.0094261825;
25; 111; 2.0028; -340.843350; -0.564601; 817.680391; 0.0015970320; 45.464538; 0.0094232652;
25; 112; 2.0128; -340.843037; -0.564977; 816.663519; 0.0015950459; 45.436367; 0.0094203452;
25; 113; 2.0228; -340.842735; -0.565352; 815.658714; 0.0015930834; 45.408137; 0.0094174183;
25; 114; 2.0328; -340.842441; -0.565724; 814.665470; 0.0015911435; 45.379844; 0.0094144839;
25; 115; 2.0429; -340.842156; -0.566095; 813.683030; 0.0015892247; 45.351497; 0.0094115430;
25; 116; 2.0529; -340.841880; -0.566463; 812.709749; 0.0015873237; 45.323113; 0.0094085974;
25; 117; 2.0629; -340.841613; -0.566829; 811.744488; 0.0015854385; 45.294698; 0.0094056477;
25; 118; 2.0729; -340.841353; -0.567192; 810.789396; 0.0015835730; 45.266231; 0.0094026915;
25; 119; 2.0830; -340.841102; -0.567553; 809.842272; 0.0015817232; 45.237719; 0.0093997298;
25; 120; 2.0930; -340.840857; -0.567910; 808.903571; 0.0015798898; 45.209165; 0.0093967628;
25; 121; 2.1030; -340.840620; -0.568265; 807.970445; 0.0015780673; 45.180543; 0.0093937877;
25; 122; 2.1130; -340.840390; -0.568616; 807.048015; 0.0015762657; 45.151927; 0.0093908124;
25; 123; 2.1231; -340.840167; -0.568964; 806.135794; 0.0015744840; 45.123296; 0.0093878345;
25; 124; 2.1331; -340.839949; -0.569308; 805.235534; 0.0015727257; 45.094641; 0.0093848532;
25; 125; 2.1431; -340.839738; -0.569645; 804.337883; 0.0015709724; 45.065726; 0.0093818439;
25; 126; 2.1531; -340.839533; -0.569981; 803.453211; 0.0015692446; 45.037015; 0.0093788549;
25; 127; 2.1632; -340.839334; -0.570314; 802.576160; 0.0015675316; 45.008314; 0.0093758661;
25; 128; 2.1732; -340.839139; -0.570641; 801.712105; 0.0015658440; 44.979676; 0.0093728826;
25; 129; 2.1832; -340.838950; -0.570964; 800.846699; 0.0015641537; 44.950863; 0.0093698801;
25; 130; 2.1932; -340.838766; -0.571286; 799.999392; 0.0015624988; 44.922203; 0.0093668926;
25; 131; 2.2033; -340.838587; -0.571604; 799.162494; 0.0015608642; 44.893563; 0.0093639063;
25; 132; 2.2133; -340.838412; -0.571917; 798.335783; 0.0015592496; 44.864973; 0.0093609242;
25; 133; 2.2233; -340.838242; -0.572227; 797.512817; 0.0015576422; 44.836349; 0.0093579375;
25; 134; 2.2333; -340.838075; -0.572533; 796.697015; 0.0015560489; 44.807815; 0.0093549593;
25; 135; 2.2434; -340.837913; -0.572834; 795.884839; 0.0015544626; 44.779303; 0.0093519825;
25; 136; 2.2534; -340.837754; -0.573131; 795.080967; 0.0015528925; 44.750824; 0.0093490081;
25; 137; 2.2634; -340.837600; -0.573423; 794.281206; 0.0015513305; 44.722355; 0.0093460339;
25; 138; 2.2734; -340.837448; -0.573711; 793.491919; 0.0015497889; 44.693893; 0.0093430594;
25; 139; 2.2835; -340.837300; -0.573995; 792.707583; 0.0015482570; 44.665436; 0.0093400846;
25; 140; 2.2935; -340.837155; -0.574275; 791.926449; 0.0015467313; 44.636969; 0.0093371077;
25; 141; 2.3035; -340.837013; -0.574550; 791.153531; 0.0015452217; 44.608449; 0.0093341243;
25; 142; 2.3135; -340.836874; -0.574821; 790.381448; 0.0015437138; 44.579901; 0.0093311370;
25; 143; 2.3236; -340.836738; -0.575088; 789.613377; 0.0015422136; 44.551299; 0.0093281432;
25; 144; 2.3336; -340.836604; -0.575351; 788.851589; 0.0015407258; 44.522649; 0.0093251434;
25; 145; 2.3436; -340.836473; -0.575609; 788.097037; 0.0015392520; 44.493963; 0.0093221388;
25; 146; 2.3536; -340.836344; -0.575863; 787.350344; 0.0015377936; 44.465223; 0.0093191276;
25; 147; 2.3637; -340.836220; -0.576227; 786.465496; 0.0015360654; 44.444010; 0.0093169044;
25; 148; 2.3737; -340.836093; -0.576538; 785.614535; 0.0015344034; 44.418871; 0.0093142690;
25; 149; 2.3837; -340.835968; -0.576823; 784.809370; 0.0015328308; 44.392083; 0.0093114600;
25; 150; 2.3937; -340.835845; -0.577082; 784.022532; 0.0015312940; 44.364430; 0.0093085594;
25; 151; 2.4038; -340.835724; -0.577328; 783.254596; 0.0015297941; 44.336324; 0.0093056102;
25; 152; 2.4138; -340.835606; -0.577565; 782.498094; 0.0015283166; 44.307927; 0.0093026298;
25; 153; 2.4238; -340.835490; -0.577793; 781.754952; 0.0015268651; 44.279353; 0.0092996296;
25; 154; 2.4338; -340.835375; -0.578023; 781.090306; 0.0015255670; 44.253191; 0.0092968820;
25; 155; 2.4439; -340.835262; -0.578242; 780.429588; 0.0015242765; 44.226272; 0.0092940539;
25; 156; 2.4539; -340.835151; -0.578454; 779.764275; 0.0015229771; 44.198905; 0.0092911779;
25; 157; 2.4639; -340.835062; -0.578443; 779.250199; 0.0015219730; 44.149794; 0.0092860146;
25; 158; 2.4739; -340.834952; -0.578740; 778.527702; 0.0015205619; 44.131508; 0.0092840914;
25; 159; 2.4840; -340.834841; -0.578994; 777.825601; 0.0015191906; 44.107999; 0.0092816181;
25; 160; 2.4940; -340.834733; -0.579221; 777.136370; 0.0015178445; 44.082509; 0.0092789359;
25; 161; 2.5040; -340.834627; -0.579430; 776.460248; 0.0015165239; 44.056014; 0.0092761469;
25; 162; 2.5140; -340.834539; -0.579465; 775.854777; 0.0015153414; 44.010016; 0.0092713032;
25; 163; 2.5241; -340.834435; -0.579723; 775.163214; 0.0015139907; 43.991733; 0.0092693772;
25; 164; 2.5341; -340.834331; -0.579949; 774.477400; 0.0015126512; 43.967678; 0.0092668426;
25; 165; 2.5441; -340.834229; -0.580154; 773.810521; 0.0015113487; 43.941728; 0.0092641075;
25; 166; 2.5541; -340.834145; -0.580189; 773.213416; 0.0015101825; 43.896059; 0.0092592921;
25; 167; 2.5642; -340.834046; -0.580435; 772.539594; 0.0015088664; 43.877887; 0.0092573753;
25; 168; 2.5742; -340.833946; -0.580648; 771.868952; 0.0015075565; 43.853885; 0.0092548430;
25; 169; 2.5842; -340.833848; -0.580840; 771.219560; 0.0015062882; 43.827960; 0.0092521070;
25; 170; 2.5942; -340.833769; -0.580862; 770.632670; 0.0015051419; 43.781845; 0.0092472383;
25; 171; 2.6043; -340.833673; -0.581095; 769.977432; 0.0015038622; 43.763871; 0.0092453400;
25; 172; 2.6143; -340.833577; -0.581478; 899.381309; 0.0017566041; 43.740441; 0.0092428648;
25; 173; 2.6243; -340.833483; -0.581475; 768.684637; 0.0015013372; 43.714074; 0.0092400785;
25; 174; 2.6343; -340.833408; -0.581488; 768.101359; 0.0015001980; 43.667826; 0.0092351894;
25; 175; 2.6444; -340.833316; -0.581709; 767.458940; 0.0014989432; 43.650003; 0.0092333045;
25; 176; 2.6544; -340.833223; -0.581898; 766.817672; 0.0014976908; 43.626188; 0.0092307854;
25; 177; 2.6644; -340.833133; -0.582066; 766.182277; 0.0014964498; 43.600413; 0.0092280581;
25; 178; 2.6744; -340.833062; -0.582070; 765.596106; 0.0014953049; 43.554023; 0.0092231476;
25; 179; 2.6845; -340.832973; -0.582279; 764.962501; 0.0014940674; 43.536362; 0.0092212774;
25; 180; 2.6945; -340.832884; -0.582457; 764.330122; 0.0014928323; 43.512687; 0.0092187698;
25; 181; 2.7045; -340.832812; -0.582484; 763.756683; 0.0014917123; 43.468875; 0.0092141276;
25; 182; 2.7145; -340.832725; -0.582683; 763.136093; 0.0014905002; 43.451213; 0.0092122554;
25; 183; 2.7246; -340.832638; -0.582852; 762.520388; 0.0014892976; 43.427591; 0.0092097510;
25; 184; 2.7346; -340.832568; -0.582871; 761.957232; 0.0014881977; 43.383920; 0.0092051191;
25; 185; 2.7446; -340.832484; -0.583063; 761.350916; 0.0014870135; 43.366217; 0.0092032408;
25; 186; 2.7546; -340.832399; -0.583224; 760.748025; 0.0014858360; 43.342529; 0.0092007270;
25; 187; 2.7647; -340.832331; -0.583236; 760.187781; 0.0014847418; 43.298582; 0.0091960613;
25; 188; 2.7747; -340.832249; -0.583421; 759.587181; 0.0014835687; 43.280808; 0.0091941735;
25; 189; 2.7847; -340.832166; -0.583577; 758.989110; 0.0014824006; 43.257018; 0.0091916464;
25; 190; 2.7947; -340.832102; -0.583583; 758.426861; 0.0014813025; 43.212700; 0.0091869367;
25; 191; 2.8048; -340.832022; -0.583761; 757.828917; 0.0014801346; 43.194925; 0.0091850470;
25; 192; 2.8148; -340.831941; -0.583910; 757.236228; 0.0014789770; 43.171123; 0.0091825160;
25; 193; 2.8248; -340.831879; -0.583913; 756.676808; 0.0014778844; 43.126679; 0.0091777882;
25; 194; 2.8348; -340.831801; -0.584084; 756.084092; 0.0014767267; 43.109035; 0.0091759105;
25; 195; 2.8449; -340.831722; -0.584226; 755.494168; 0.0014755745; 43.085332; 0.0091733876;
25; 196; 2.8549; -340.831662; -0.584224; 754.937904; 0.0014744881; 43.040911; 0.0091686574;
25; 197; 2.8649; -340.831586; -0.584389; 754.351559; 0.0014733429; 43.023421; 0.0091667944;
25; 198; 2.8749; -340.831510; -0.584525; 753.776819; 0.0014722204; 42.999894; 0.0091642876;
25; 199; 2.8850; -340.831452; -0.584519; 753.231018; 0.0014711543; 42.955596; 0.0091595660;
25; 200; 2.8950; -340.831379; -0.584678; 752.655519; 0.0014700303; 42.938307; 0.0091577225;
25; 201; 2.9050; -340.831304; -0.584810; 752.094730; 0.0014689350; 42.914953; 0.0091552317;
25; 202; 2.9150; -340.831249; -0.584800; 751.558667; 0.0014678880; 42.870807; 0.0091505216;
25; 203; 2.9251; -340.831177; -0.584953; 750.991721; 0.0014667807; 42.853676; 0.0091486931;
25; 204; 2.9351; -340.831105; -0.585079; 750.432145; 0.0014656878; 42.830493; 0.0091462181;
25; 205; 2.9451; -340.831052; -0.585068; 749.896379; 0.0014646414; 42.786466; 0.0091415160;
25; 206; 2.9551; -340.830982; -0.585214; 749.333082; 0.0014635412; 42.769467; 0.0091396999;
25; 207; 2.9652; -340.830912; -0.585334; 748.782082; 0.0014624650; 42.746405; 0.0091372355;
25; 208; 2.9752; -340.830861; -0.585318; 748.261541; 0.0014614483; 42.702456; 0.0091325372;
25; 209; 2.9852; -340.830793; -0.585461; 747.712256; 0.0014603755; 42.685556; 0.0091307298;
25; 210; 2.9952; -340.830725; -0.585576; 747.174245; 0.0014593247; 42.662581; 0.0091282723;
25; 211; 3.0053; -340.830676; -0.585557; 746.656446; 0.0014583134; 42.618655; 0.0091235717;
25; 212; 3.0153; -340.830610; -0.585694; 746.110709; 0.0014572475; 42.601890; 0.0091217770;
25; 213; 3.0253; -340.830543; -0.585805; 745.576804; 0.0014562047; 42.579026; 0.0091193290;
25; 214; 3.0353; -340.830497; -0.585784; 745.073631; 0.0014552219; 42.535241; 0.0091146389;
25; 215; 3.0454; -340.830433; -0.585916; 744.541931; 0.0014541835; 42.518566; 0.0091128521;
25; 216; 3.0554; -340.830368; -0.586023; 744.026767; 0.0014531773; 42.495843; 0.0091104167;
25; 217; 3.0654; -340.830323; -0.585999; 743.533621; 0.0014522141; 42.452270; 0.0091057449;
25; 218; 3.0754; -340.830261; -0.586126; 743.005192; 0.0014511820; 42.435725; 0.0091039703;
25; 219; 3.0855; -340.830198; -0.586228; 742.496269; 0.0014501880; 42.413161; 0.0091015496;
25; 220; 3.0955; -340.830156; -0.586203; 742.009172; 0.0014492367; 42.369836; 0.0090968998;
25; 221; 3.1055; -340.830096; -0.586326; 741.493909; 0.0014482303; 42.353419; 0.0090951373;
25; 222; 3.1155; -340.830034; -0.586424; 740.994540; 0.0014472550; 42.331019; 0.0090927318;
25; 223; 3.1256; -340.829994; -0.586395; 740.512493; 0.0014463135; 42.287947; 0.0090881047;
25; 224; 3.1356; -340.829936; -0.586516; 740.004070; 0.0014453204; 42.271640; 0.0090863522;
25; 225; 3.1456; -340.829876; -0.586611; 739.519142; 0.0014443733; 42.249354; 0.0090839567;
25; 226; 3.1556; -340.829838; -0.586581; 739.059710; 0.0014434760; 42.206452; 0.0090793434;
25; 227; 3.1657; -340.829781; -0.586697; 738.568401; 0.0014425164; 42.190187; 0.0090775938;
25; 228; 3.1757; -340.829724; -0.586789; 738.111687; 0.0014416244; 42.167937; 0.0090751998;
25; 229; 3.1857; -340.829687; -0.586757; 737.674887; 0.0014407713; 42.124924; 0.0090705702;
25; 230; 3.1957; -340.829633; -0.586872; 737.210184; 0.0014398636; 42.108598; 0.0090688123;
25; 231; 3.2058; -340.829577; -0.586958; 736.781004; 0.0014390254; 42.086262; 0.0090664067;
25; 232; 3.2158; -340.829542; -0.586923; 736.374385; 0.0014382312; 42.042988; 0.0090617444;
25; 233; 3.2258; -340.829489; -0.587035; 735.942306; 0.0014373873; 42.026607; 0.0090599789;
25; 234; 3.2358; -340.829435; -0.587120; 735.571531; 0.0014366631; 42.004198; 0.0090575630;
25; 235; 3.2459; -340.829403; -0.587085; 735.206115; 0.0014359494; 41.960735; 0.0090528758;
25; 236; 3.2559; -340.829351; -0.587193; 734.833762; 0.0014352222; 41.944392; 0.0090511126;
25; 237; 3.2659; -340.829299; -0.587274; 734.539735; 0.0014346479; 41.922030; 0.0090486997;
25; 238; 3.2759; -340.829268; -0.587237; 734.249300; 0.0014340807; 41.878514; 0.0090440021;
25; 239; 3.2860; -340.829219; -0.587340; 733.979923; 0.0014335545; 41.862288; 0.0090422497;
25; 240; 3.2960; -340.829168; -0.587420; 733.851419; 0.0014333036; 41.840041; 0.0090398468;
25; 241; 3.3060; -340.829139; -0.587381; 733.734093; 0.0014330744; 41.796636; 0.0090351566;
25; 242; 3.3160; -340.829091; -0.587481; 733.724979; 0.0014330566; 41.780506; 0.0090334131;
25; 243; 3.3261; -340.829042; -0.587558; 734.008534; 0.0014336104; 41.758369; 0.0090310196;
25; 244; 3.3361; -340.829014; -0.587519; 734.369892; 0.0014343162; 41.715131; 0.0090263428;
25; 245; 3.3461; -340.828968; -0.587616; 735.220463; 0.0014359775; 41.699154; 0.0090246141;
25; 246; 3.3561; -340.828921; -0.587691; 737.148538; 0.0014397432; 41.677169; 0.0090222347;
25; 247; 3.3662; -340.828895; -0.587649; 739.930395; 0.0014451766; 41.634049; 0.0090175663;
25; 248; 3.3762; -340.828850; -0.587916; 505.904984; 0.0009880957; 41.618880; 0.0090159234;
25; 249; 3.3862; -340.828804; -0.587968; 604.449717; 0.0011805659; 41.596936; 0.0090135462;
25; 250; 3.3962; -340.828780; -0.587779; 797.040594; 0.0015567199; 41.553111; 0.0090087968;
25; 251; 3.4063; -340.828736; -0.587870; 743.416767; 0.0014519859; 41.537326; 0.0090070855;
25; 252; 3.4163; -340.828692; -0.587938; 734.056932; 0.0014337049; 41.515464; 0.0090047149;
25; 253; 3.4263; -340.828669; -0.587894; 730.642908; 0.0014270369; 41.472543; 0.0090000589;
25; 254; 3.4363; -340.828627; -0.587987; 727.624884; 0.0014211424; 41.456735; 0.0089983435;
25; 255; 3.4464; -340.828598; -0.587978; 726.035619; 0.0014180383; 41.418699; 0.0089942146;
25; 256; 3.4564; -340.828557; -0.588066; 724.491038; 0.0014150216; 41.402817; 0.0089924900;
25; 257; 3.4664; -340.828529; -0.588053; 723.499043; 0.0014130841; 41.365213; 0.0089884054;
25; 258; 3.4764; -340.828489; -0.588141; 722.430132; 0.0014109964; 41.349313; 0.0089866777;
25; 259; 3.4865; -340.828461; -0.588127; 721.660673; 0.0014094935; 41.311782; 0.0089825984;
25; 260; 3.4965; -340.828422; -0.588212; 720.821627; 0.0014078547; 41.295946; 0.0089808766;
25; 261; 3.5065; -340.828395; -0.588196; 720.162488; 0.0014065674; 41.258547; 0.0089768090;
25; 262; 3.5165; -340.828357; -0.588281; 719.446618; 0.0014051692; 41.242783; 0.0089750939;
25; 263; 3.5266; -340.828331; -0.588265; 718.851437; 0.0014040067; 41.205602; 0.0089710474;
25; 264; 3.5366; -340.828294; -0.588349; 718.210571; 0.0014027550; 41.189891; 0.0089693370;
25; 265; 3.5466; -340.828269; -0.588331; 717.647082; 0.0014016545; 41.152888; 0.0089653072;
25; 266; 3.5566; -340.828233; -0.588414; 717.049446; 0.0014004872; 41.137296; 0.0089636087;
25; 267; 3.5667; -340.828209; -0.588397; 716.509676; 0.0013994330; 41.100464; 0.0089595951;
25; 268; 3.5767; -340.828173; -0.588478; 715.947326; 0.0013983346; 41.084956; 0.0089579046;
25; 269; 3.5867; -340.828150; -0.588461; 715.425050; 0.0013973146; 41.048354; 0.0089539135;
25; 270; 3.5967; -340.828115; -0.588540; 714.887463; 0.0013962646; 41.032903; 0.0089522282;
25; 271; 3.6068; -340.828093; -0.588521; 714.379480; 0.0013952724; 40.996390; 0.0089482442;
25; 272; 3.6168; -340.828059; -0.588600; 713.864614; 0.0013942668; 40.980965; 0.0089465607;
25; 273; 3.6268; -340.828037; -0.588580; 713.361369; 0.0013932839; 40.944489; 0.0089425782;
25; 274; 3.6368; -340.828004; -0.588658; 712.856438; 0.0013922977; 40.929059; 0.0089408930;
25; 275; 3.6469; -340.827983; -0.588637; 712.359295; 0.0013913267; 40.892533; 0.0089369026;
25; 276; 3.6569; -340.827950; -0.588715; 711.864300; 0.0013903600; 40.877078; 0.0089352136;
25; 277; 3.6669; -340.827930; -0.588693; 711.374658; 0.0013894036; 40.840465; 0.0089312112;
25; 278; 3.6769; -340.827898; -0.588770; 710.891446; 0.0013884599; 40.825065; 0.0089295271;
25; 279; 3.6870; -340.827878; -0.588747; 710.398834; 0.0013874977; 40.788504; 0.0089255278;
25; 280; 3.6970; -340.827847; -0.588823; 709.918180; 0.0013865589; 40.773153; 0.0089238480;
25; 281; 3.7070; -340.827828; -0.588800; 709.420147; 0.0013855862; 40.736648; 0.0089198523;
25; 282; 3.7170; -340.827797; -0.588875; 708.946741; 0.0013846616; 40.721387; 0.0089181814;
25; 283; 3.7271; -340.827779; -0.588851; 708.451642; 0.0013836946; 40.684953; 0.0089141909;
25; 284; 3.7371; -340.827749; -0.588925; 707.991719; 0.0013827963; 40.669821; 0.0089125330;
25; 285; 3.7471; -340.827732; -0.588901; 707.504995; 0.0013818457; 40.633582; 0.0089085614;
25; 286; 3.7571; -340.827702; -0.588974; 707.058849; 0.0013809743; 40.618543; 0.0089069125;
25; 287; 3.7672; -340.827685; -0.588949; 706.588162; 0.0013800550; 40.582431; 0.0089029523;
25; 288; 3.7772; -340.827656; -0.589022; 706.152111; 0.0013792033; 40.567496; 0.0089013139;
25; 289; 3.7872; -340.827640; -0.588997; 705.692317; 0.0013783053; 40.531543; 0.0088973687;
25; 290; 3.7972; -340.827611; -0.589068; 705.266651; 0.0013774739; 40.516685; 0.0088957377;
25; 291; 3.8073; -340.827596; -0.589043; 704.804080; 0.0013765705; 40.480846; 0.0088918025;
25; 292; 3.8173; -340.827568; -0.589114; 704.378394; 0.0013757391; 40.466066; 0.0088901792;
25; 293; 3.8273; -340.827553; -0.589089; 703.913152; 0.0013748304; 40.430359; 0.0088862559;
25; 294; 3.8373; -340.827526; -0.589159; 703.485772; 0.0013739956; 40.415615; 0.0088846355;
25; 295; 3.8474; -340.827511; -0.589132; 703.021019; 0.0013730879; 40.380000; 0.0088807200;
25; 296; 3.8574; -340.827484; -0.589202; 702.596147; 0.0013722581; 40.365251; 0.0088790979;
25; 297; 3.8674; -340.827470; -0.589177; 702.129853; 0.0013713474; 40.329684; 0.0088751853;
25; 298; 3.8774; -340.827444; -0.589245; 701.703314; 0.0013705143; 40.314949; 0.0088735638;
25; 299; 3.8875; -340.827431; -0.589219; 701.240930; 0.0013696112; 40.279361; 0.0088696464;
25; 300; 3.8975; -340.827405; -0.589287; 700.814115; 0.0013687776; 40.264633; 0.0088680246;
25; 301; 3.9075; -340.827392; -0.589261; 700.359964; 0.0013678906; 40.229136; 0.0088641148;
25; 302; 3.9175; -340.827367; -0.589328; 699.936449; 0.0013670634; 40.214378; 0.0088624887;
25; 303; 3.9276; -340.827354; -0.589301; 699.478893; 0.0013661697; 40.178895; 0.0088585780;
25; 304; 3.9376; -340.827330; -0.589369; 699.055008; 0.0013653418; 40.164162; 0.0088569537;
25; 305; 3.9476; -340.827318; -0.589341; 698.600460; 0.0013644540; 40.128767; 0.0088530502;
25; 306; 3.9576; -340.827294; -0.589408; 698.179435; 0.0013636317; 40.114048; 0.0088514265;
25; 307; 3.9677; -340.827282; -0.589380; 697.721155; 0.0013627366; 40.078724; 0.0088475283;
25; 308; 3.9777; -340.827258; -0.589446; 697.298191; 0.0013619105; 40.064042; 0.0088459076;
25; 309; 3.9877; -340.827247; -0.589417; 696.842930; 0.0013610213; 40.028793; 0.0088420154;
25; 310; 3.9977; -340.827224; -0.589482; 696.419833; 0.0013601950; 40.014155; 0.0088403986;
25; 311; 4.0078; -340.827213; -0.589453; 695.973579; 0.0013593234; 39.979024; 0.0088365169;
25; 312; 4.0178; -340.827190; -0.589518; 695.551466; 0.0013584990; 39.964423; 0.0088349032;
25; 313; 4.0278; -340.827180; -0.589489; 695.103904; 0.0013576248; 39.929391; 0.0088310301;
25; 314; 4.0378; -340.827157; -0.589553; 694.684020; 0.0013568047; 39.914836; 0.0088294203;
25; 315; 4.0479; -340.827147; -0.589522; 694.230377; 0.0013559187; 39.879878; 0.0088255530;
25; 316; 4.0579; -340.827125; -0.589587; 693.809841; 0.0013550973; 39.865339; 0.0088239442;
25; 317; 4.0679; -340.827115; -0.589557; 693.358061; 0.0013542150; 39.830414; 0.0088200781;
25; 318; 4.0779; -340.827093; -0.589620; 692.938863; 0.0013533962; 39.815869; 0.0088184675;
25; 319; 4.0880; -340.827084; -0.589589; 692.497240; 0.0013525337; 39.780879; 0.0088145919;
25; 320; 4.0980; -340.827062; -0.589653; 692.080882; 0.0013517205; 39.766279; 0.0088129742;
25; 321; 4.1080; -340.827053; -0.589622; 691.639771; 0.0013508589; 39.731155; 0.0088090812;
25; 322; 4.1180; -340.827032; -0.589685; 691.218588; 0.0013500363; 39.716519; 0.0088074586;
25; 323; 4.1281; -340.827023; -0.589654; 690.776072; 0.0013491720; 39.681264; 0.0088035487;
25; 324; 4.1381; -340.827002; -0.589716; 690.354847; 0.0013483493; 39.666621; 0.0088019241;
25; 325; 4.1481; -340.826994; -0.589684; 689.911817; 0.0013474840; 39.631302; 0.0087980048;
25; 326; 4.1581; -340.826973; -0.589747; 689.490766; 0.0013466617; 39.616704; 0.0087963842;
25; 327; 4.1682; -340.826965; -0.589715; 689.052143; 0.0013458050; 39.581419; 0.0087924661;
25; 328; 4.1782; -340.826945; -0.589777; 688.629049; 0.0013449786; 39.566914; 0.0087908548;
25; 329; 4.1882; -340.826937; -0.589745; 688.184089; 0.0013441095; 39.531734; 0.0087869459;
25; 330; 4.1982; -340.826917; -0.589807; 687.756138; 0.0013432737; 39.517325; 0.0087853443;
25; 331; 4.2083; -340.826910; -0.589774; 687.305434; 0.0013423934; 39.482346; 0.0087814553;
25; 332; 4.2183; -340.826890; -0.589836; 686.878684; 0.0013415599; 39.468062; 0.0087798667;
25; 333; 4.2283; -340.826883; -0.589803; 686.424886; 0.0013406736; 39.433252; 0.0087759940;
25; 334; 4.2383; -340.826864; -0.589864; 685.998564; 0.0013398409; 39.419097; 0.0087744187;
25; 335; 4.2484; -340.826857; -0.589831; 685.551854; 0.0013389685; 39.384512; 0.0087705687;
25; 336; 4.2584; -340.826838; -0.589892; 685.131786; 0.0013381480; 39.370482; 0.0087690064;
25; 337; 4.2684; -340.826831; -0.589859; 684.700724; 0.0013373061; 39.336137; 0.0087651807;
25; 338; 4.2784; -340.826813; -0.589920; 684.284156; 0.0013364925; 39.322211; 0.0087636290;
25; 339; 4.2885; -340.826807; -0.589887; 683.856216; 0.0013356567; 39.288114; 0.0087598287;
25; 340; 4.2985; -340.826788; -0.589947; 683.447678; 0.0013348587; 39.274291; 0.0087582875;
25; 341; 4.3085; -340.826782; -0.589912; 683.024601; 0.0013340324; 39.240406; 0.0087545084;
25; 342; 4.3185; -340.826764; -0.589974; 682.616065; 0.0013332345; 39.226669; 0.0087529760;
25; 343; 4.3286; -340.826759; -0.589940; 682.189743; 0.0013324018; 39.192966; 0.0087492150;
25; 344; 4.3386; -340.826741; -0.590000; 681.780596; 0.0013316027; 39.179306; 0.0087476901;
25; 345; 4.3486; -340.826736; -0.589966; 681.352235; 0.0013307661; 39.145776; 0.0087439461;
25; 346; 4.3586; -340.826718; -0.590025; 680.944925; 0.0013299706; 39.132142; 0.0087424232;
25; 347; 4.3687; -340.826713; -0.589990; 680.514980; 0.0013291308; 39.098727; 0.0087386899;
25; 348; 4.3787; -340.826695; -0.590050; 680.115192; 0.0013283500; 39.085120; 0.0087371692;
25; 349; 4.3887; -340.826691; -0.590014; 679.694013; 0.0013275274; 39.051826; 0.0087334471;
25; 350; 4.3987; -340.826673; -0.590074; 679.292181; 0.0013267425; 39.038246; 0.0087319285;
25; 351; 4.4088; -340.826669; -0.590038; 678.871504; 0.0013259209; 39.005019; 0.0087282116;
25; 352; 4.4188; -340.826652; -0.590098; 678.469815; 0.0013251364; 38.991496; 0.0087266984;
25; 353; 4.4288; -340.826647; -0.590062; 678.053773; 0.0013243238; 38.958457; 0.0087230004;
25; 354; 4.4388; -340.826630; -0.590121; 677.654091; 0.0013235431; 38.944949; 0.0087214880;
25; 355; 4.4489; -340.826626; -0.590085; 677.236262; 0.0013227271; 38.911995; 0.0087177974;
25; 356; 4.4589; -340.826609; -0.590144; 676.837002; 0.0013219473; 38.898540; 0.0087162899;
25; 357; 4.4689; -340.826605; -0.590107; 676.421421; 0.0013211356; 38.865703; 0.0087126102;
25; 358; 4.4789; -340.826588; -0.590166; 676.022845; 0.0013203571; 38.852296; 0.0087111073;
25; 359; 4.4890; -340.826585; -0.590128; 675.606233; 0.0013195434; 38.819578; 0.0087074387;
25; 360; 4.4990; -340.826568; -0.590188; 675.209090; 0.0013187678; 38.806215; 0.0087059398;
25; 361; 4.5090; -340.826564; -0.590150; 674.794472; 0.0013179580; 38.773614; 0.0087022822;
25; 362; 4.5190; -340.826548; -0.590210; 674.395951; 0.0013171796; 38.760294; 0.0087007873;
25; 363; 4.5291; -340.826545; -0.590171; 673.980444; 0.0013163681; 38.727788; 0.0086971380;
25; 364; 4.5391; -340.826529; -0.590230; 673.584934; 0.0013155956; 38.714497; 0.0086956456;
25; 365; 4.5491; -340.826525; -0.590193; 673.173795; 0.0013147926; 38.682024; 0.0086919980;
25; 366; 4.5591; -340.826509; -0.590251; 672.775650; 0.0013140149; 38.668732; 0.0086905044;
25; 367; 4.5692; -340.826506; -0.590213; 672.354375; 0.0013131921; 38.636210; 0.0086868491;
25; 368; 4.5792; -340.826491; -0.590271; 671.955421; 0.0013124129; 38.622862; 0.0086853485;
25; 369; 4.5892; -340.826488; -0.590234; 671.542998; 0.0013116074; 38.590192; 0.0086816743;
25; 370; 4.5992; -340.826472; -0.590291; 671.150043; 0.0013108399; 38.576767; 0.0086801641;
25; 371; 4.6093; -340.826469; -0.590254; 670.743371; 0.0013100456; 38.543882; 0.0086764636;
25; 372; 4.6193; -340.826454; -0.590311; 670.350448; 0.0013092782; 38.530383; 0.0086749441;
25; 373; 4.6293; -340.826451; -0.590273; 669.939265; 0.0013084751; 38.497285; 0.0086712173;
25; 374; 4.6393; -340.826436; -0.590331; 669.544606; 0.0013077043; 38.483759; 0.0086696938;
25; 375; 4.6494; -340.826434; -0.590293; 669.135592; 0.0013069055; 38.450526; 0.0086659497;
25; 376; 4.6594; -340.826419; -0.590350; 668.742576; 0.0013061378; 38.436995; 0.0086644247;
25; 377; 4.6694; -340.826417; -0.590311; 668.333857; 0.0013053396; 38.403699; 0.0086606711;
25; 378; 4.6794; -340.826402; -0.590369; 667.943148; 0.0013045765; 38.390197; 0.0086591486;
25; 379; 4.6895; -340.826400; -0.590330; 667.532311; 0.0013037740; 38.356887; 0.0086553911;
25; 380; 4.6995; -340.826385; -0.590387; 667.137346; 0.0013030026; 38.343431; 0.0086538727;
25; 381; 4.7095; -340.826383; -0.590349; 666.722813; 0.0013021930; 38.310161; 0.0086501175;
25; 382; 4.7195; -340.826369; -0.590405; 666.326745; 0.0013014194; 38.296752; 0.0086486035;
25; 383; 4.7296; -340.826367; -0.590367; 665.911119; 0.0013006077; 38.263537; 0.0086448522;
25; 384; 4.7396; -340.826353; -0.590423; 665.514410; 0.0012998328; 38.250194; 0.0086433448;
25; 385; 4.7496; -340.826351; -0.590384; 665.097403; 0.0012990184; 38.217097; 0.0086396046;
25; 386; 4.7596; -340.826337; -0.590442; 664.700671; 0.0012982435; 38.203799; 0.0086381014;
25; 387; 4.7697; -340.826336; -0.590401; 664.293993; 0.0012974492; 38.170833; 0.0086343736;
25; 388; 4.7797; -340.826322; -0.590458; 663.896738; 0.0012966733; 38.157596; 0.0086328764;
25; 389; 4.7897; -340.826320; -0.590418; 663.489174; 0.0012958773; 38.124792; 0.0086291647;
25; 390; 4.7997; -340.826306; -0.590475; 663.097499; 0.0012951123; 38.111605; 0.0086276722;
25; 391; 4.8098; -340.826305; -0.590435; 662.698136; 0.0012943323; 38.078962; 0.0086239766;
25; 392; 4.8198; -340.826291; -0.590491; 662.306614; 0.0012935676; 38.065825; 0.0086224889;
25; 393; 4.8298; -340.826290; -0.590452; 661.902464; 0.0012927783; 38.033349; 0.0086188100;
25; 394; 4.8398; -340.826277; -0.590508; 661.509259; 0.0012920103; 38.020258; 0.0086173265;
25; 395; 4.8499; -340.826276; -0.590467; 661.106789; 0.0012912242; 37.987916; 0.0086136605;
25; 396; 4.8599; -340.826262; -0.590523; 660.717020; 0.0012904629; 37.974873; 0.0086121817;
25; 397; 4.8699; -340.826261; -0.590483; 660.312566; 0.0012896730; 37.942674; 0.0086085298;
25; 398; 4.8799; -340.826248; -0.590540; 659.923356; 0.0012889128; 37.929657; 0.0086070530;
25; 399; 4.8900; -340.826247; -0.590499; 659.528232; 0.0012881411; 37.897583; 0.0086034131;
25; 400; 4.9000; -340.826234; -0.590554; 659.137785; 0.0012873785; 37.884620; 0.0086019415;
