22; 1; 0.9000; -340.398846; -0.617136; 921.427837; 0.0017996637; 48.112682; 0.0096938167;
22; 2; 0.9100; -340.432213; -0.617552; 921.707144; 0.0018002093; 48.118488; 0.0096944016;
22; 3; 0.9201; -340.463584; -0.617820; 921.548663; 0.0017998997; 48.093504; 0.0096918845;
22; 4; 0.9301; -340.493077; -0.618164; 921.109195; 0.0017990414; 48.083430; 0.0096908693;
22; 5; 0.9401; -340.520810; -0.618454; 920.646951; 0.0017981386; 48.067186; 0.0096892323;
22; 6; 0.9501; -340.546853; -0.618856; 919.720507; 0.0017963291; 48.045039; 0.0096869999;
22; 7; 0.9602; -340.571317; -0.619321; 918.410642; 0.0017937708; 48.037645; 0.0096862544;
22; 8; 0.9702; -340.594278; -0.619874; 916.655113; 0.0017903420; 48.022216; 0.0096846988;
22; 9; 0.9802; -340.615820; -0.620383; 914.814917; 0.0017867479; 47.986262; 0.0096810727;
22; 10; 0.9902; -340.636025; -0.621091; 912.376853; 0.0017819860; 47.980301; 0.0096804713;
22; 11; 1.0003; -340.654960; -0.621692; 910.352337; 0.0017780319; 47.955920; 0.0096780114;
22; 12; 1.0103; -340.672697; -0.622510; 907.308542; 0.0017720870; 47.947812; 0.0096771933;
22; 13; 1.0203; -340.689301; -0.623199; 904.793582; 0.0017671750; 47.908613; 0.0096732367;
22; 14; 1.0303; -340.704840; -0.624097; 901.699972; 0.0017611328; 47.899921; 0.0096723592;
22; 15; 1.0404; -340.719361; -0.624887; 899.204429; 0.0017562586; 47.873648; 0.0096697063;
22; 16; 1.0504; -340.732927; -0.625780; 896.394747; 0.0017507710; 47.851114; 0.0096674302;
22; 17; 1.0604; -340.745589; -0.626713; 893.527427; 0.0017451708; 47.831390; 0.0096654376;
22; 18; 1.0704; -340.757405; -0.627735; 889.350997; 0.0017370137; 47.818217; 0.0096641065;
22; 19; 1.0805; -340.768407; -0.628663; 886.946711; 0.0017323178; 47.789762; 0.0096612308;
22; 20; 1.0905; -340.778647; -0.629656; 884.552656; 0.0017276419; 47.769657; 0.0096591983;
22; 21; 1.1005; -340.788168; -0.630670; 882.229806; 0.0017231051; 47.746377; 0.0096568443;
22; 22; 1.1105; -340.797016; -0.631776; 877.174613; 0.0017132317; 47.731610; 0.0096553509;
22; 23; 1.1206; -340.805216; -0.632743; 876.115864; 0.0017111638; 47.706907; 0.0096528520;
22; 24; 1.1306; -340.812810; -0.633764; 874.930241; 0.0017088481; 47.682467; 0.0096503792;
22; 25; 1.1406; -340.819832; -0.634792; 873.636821; 0.0017063219; 47.661405; 0.0096482476;
22; 26; 1.1506; -340.826316; -0.635817; 871.851833; 0.0017028356; 47.638631; 0.0096459422;
22; 27; 1.1607; -340.832297; -0.636886; 853.066451; 0.0016661454; 47.622342; 0.0096442929;
22; 28; 1.1707; -340.837791; -0.638108; 993.010768; 0.0019394742; 47.594415; 0.0096414648;
22; 29; 1.1807; -340.842833; -0.638849; 897.940146; 0.0017537893; 47.571899; 0.0096391838;
22; 30; 1.1907; -340.847450; -0.639812; 882.807280; 0.0017242330; 47.548878; 0.0096368513;
22; 31; 1.2008; -340.851665; -0.640762; 879.047526; 0.0017168897; 47.525718; 0.0096345040;
22; 32; 1.2108; -340.855503; -0.641851; 989.084014; 0.0019318047; 47.503499; 0.0096322517;
22; 33; 1.2208; -340.858986; -0.642604; 876.929306; 0.0017127526; 47.479031; 0.0096297706;
22; 34; 1.2308; -340.862135; -0.643489; 876.634942; 0.0017121776; 47.455378; 0.0096273717;
22; 35; 1.2409; -340.864969; -0.644349; 876.522549; 0.0017119581; 47.431563; 0.0096249557;
22; 36; 1.2509; -340.867508; -0.645183; 876.508015; 0.0017119297; 47.407613; 0.0096225254;
22; 37; 1.2609; -340.869771; -0.645989; 876.544216; 0.0017120004; 47.383467; 0.0096200745;
22; 38; 1.2709; -340.871774; -0.646769; 876.590422; 0.0017120907; 47.359212; 0.0096176120;
22; 39; 1.2810; -340.873534; -0.647519; 876.673839; 0.0017122536; 47.334870; 0.0096151400;
22; 40; 1.2910; -340.875066; -0.648242; 876.759257; 0.0017124204; 47.310438; 0.0096126583;
22; 41; 1.3010; -340.876385; -0.648937; 876.820897; 0.0017125408; 47.285942; 0.0096101694;
22; 42; 1.3110; -340.877506; -0.649605; 876.868326; 0.0017126334; 47.261419; 0.0096076771;
22; 43; 1.3211; -340.878441; -0.650244; 876.887138; 0.0017126702; 47.236831; 0.0096051775;
22; 44; 1.3311; -340.879204; -0.650857; 876.879373; 0.0017126550; 47.212265; 0.0096026795;
22; 45; 1.3411; -340.879807; -0.651443; 876.842745; 0.0017125835; 47.187714; 0.0096001825;
22; 46; 1.3511; -340.880261; -0.652006; 876.772968; 0.0017124472; 47.163193; 0.0095976878;
22; 47; 1.3612; -340.880576; -0.652543; 876.697321; 0.0017122995; 47.138627; 0.0095951879;
22; 48; 1.3712; -340.880765; -0.653057; 876.584491; 0.0017120791; 47.114074; 0.0095926887;
22; 49; 1.3812; -340.880835; -0.653550; 876.426868; 0.0017117712; 47.089526; 0.0095901893;
22; 50; 1.3912; -340.880797; -0.654021; 876.249745; 0.0017114253; 47.064954; 0.0095876868;
22; 51; 1.4013; -340.880660; -0.654472; 876.052817; 0.0017110407; 47.040414; 0.0095851870;
22; 52; 1.4113; -340.880431; -0.654906; 875.821131; 0.0017105881; 47.015874; 0.0095826864;
22; 53; 1.4213; -340.880119; -0.655323; 875.563396; 0.0017100848; 46.991336; 0.0095801854;
22; 54; 1.4313; -340.879731; -0.655724; 875.275545; 0.0017095225; 46.966761; 0.0095776800;
22; 55; 1.4414; -340.879275; -0.656112; 874.964429; 0.0017089149; 46.942200; 0.0095751755;
22; 56; 1.4514; -340.878757; -0.656487; 874.624078; 0.0017082502; 46.917594; 0.0095726655;
22; 57; 1.4614; -340.878183; -0.656850; 874.268165; 0.0017075550; 46.892944; 0.0095701505;
22; 58; 1.4714; -340.877560; -0.657205; 873.893575; 0.0017068234; 46.868270; 0.0095676324;
22; 59; 1.4815; -340.876893; -0.657550; 873.506193; 0.0017060668; 46.843544; 0.0095651083;
22; 60; 1.4915; -340.876188; -0.657889; 873.112798; 0.0017052984; 46.818767; 0.0095625784;
22; 61; 1.5015; -340.875449; -0.658223; 872.718875; 0.0017045291; 46.793955; 0.0095600441;
22; 62; 1.5115; -340.874681; -0.658552; 872.317177; 0.0017037445; 46.769064; 0.0095575012;
22; 63; 1.5216; -340.873889; -0.658875; 871.910006; 0.0017029492; 46.744085; 0.0095549485;
22; 64; 1.5316; -340.873077; -0.659201; 871.511707; 0.0017021713; 46.719063; 0.0095523908;
22; 65; 1.5416; -340.872248; -0.659521; 871.111411; 0.0017013895; 46.694000; 0.0095498282;
22; 66; 1.5516; -340.871406; -0.659844; 870.725202; 0.0017006352; 46.668866; 0.0095472577;
22; 67; 1.5617; -340.870555; -0.660168; 870.352898; 0.0016999080; 46.643717; 0.0095446849;
22; 68; 1.5717; -340.869696; -0.660494; 869.992607; 0.0016992043; 46.618463; 0.0095421007;
22; 69; 1.5817; -340.868834; -0.660822; 869.646995; 0.0016985293; 46.593124; 0.0095395071;
22; 70; 1.5917; -340.867970; -0.661154; 869.320101; 0.0016978908; 46.567713; 0.0095369054;
22; 71; 1.6018; -340.867108; -0.661491; 869.023728; 0.0016973120; 46.542251; 0.0095342978;
22; 72; 1.6118; -340.866249; -0.661832; 868.738844; 0.0016967556; 46.516712; 0.0095316816;
22; 73; 1.6218; -340.865395; -0.662172; 868.508228; 0.0016963051; 46.491073; 0.0095290544;
22; 74; 1.6318; -340.864547; -0.662531; 868.247086; 0.0016957951; 46.465389; 0.0095264218;
22; 75; 1.6419; -340.863709; -0.662890; 868.042680; 0.0016953959; 46.439594; 0.0095237772;
22; 76; 1.6519; -340.862880; -0.663256; 867.878857; 0.0016950759; 46.413738; 0.0095211255;
22; 77; 1.6619; -340.862063; -0.663628; 867.738600; 0.0016948020; 46.387788; 0.0095184635;
22; 78; 1.6719; -340.861258; -0.664008; 867.636138; 0.0016946018; 46.361769; 0.0095157937;
22; 79; 1.6820; -340.860466; -0.664394; 867.575185; 0.0016944828; 46.335643; 0.0095131122;
22; 80; 1.6920; -340.859688; -0.664789; 867.552348; 0.0016944382; 46.309478; 0.0095104259;
22; 81; 1.7020; -340.858925; -0.665190; 867.587871; 0.0016945076; 46.283235; 0.0095077307;
22; 82; 1.7120; -340.858178; -0.665599; 867.687710; 0.0016947026; 46.256909; 0.0095050263;
22; 83; 1.7221; -340.857446; -0.666014; 867.846794; 0.0016950133; 46.230473; 0.0095023099;
22; 84; 1.7321; -340.856730; -0.666437; 868.065357; 0.0016954402; 46.203979; 0.0094995867;
22; 85; 1.7421; -340.856032; -0.666866; 868.362137; 0.0016960198; 46.177396; 0.0094968535;
22; 86; 1.7521; -340.855349; -0.667302; 868.716593; 0.0016967121; 46.150764; 0.0094941146;
22; 87; 1.7622; -340.854684; -0.667742; 869.166287; 0.0016975904; 46.123996; 0.0094913608;
22; 88; 1.7722; -340.854035; -0.668189; 869.709488; 0.0016986513; 46.097182; 0.0094886015;
22; 89; 1.7822; -340.853404; -0.668640; 870.357757; 0.0016999175; 46.070280; 0.0094858324;
22; 90; 1.7922; -340.852789; -0.669096; 871.137554; 0.0017014405; 46.043306; 0.0094830550;
22; 91; 1.8023; -340.852192; -0.669555; 872.057119; 0.0017032366; 46.016233; 0.0094802666;
22; 92; 1.8123; -340.851610; -0.670017; 873.137063; 0.0017053458; 45.989099; 0.0094774711;
22; 93; 1.8223; -340.851046; -0.670481; 874.403313; 0.0017078190; 45.961871; 0.0094746651;
22; 94; 1.8323; -340.850497; -0.670947; 875.878109; 0.0017106994; 45.934596; 0.0094718534;
22; 95; 1.8424; -340.849965; -0.671413; 877.574443; 0.0017140126; 45.907235; 0.0094690320;
22; 96; 1.8524; -340.849448; -0.672772; 903.582006; 0.0017648086; 45.977443; 0.0094762700;
22; 97; 1.8624; -340.848947; -0.672343; 881.795938; 0.0017222577; 45.852327; 0.0094633676;
22; 98; 1.8724; -340.848461; -0.672802; 884.375382; 0.0017272957; 45.824792; 0.0094605257;
22; 99; 1.8825; -340.847989; -0.673257; 887.321900; 0.0017330506; 45.797249; 0.0094576821;
22; 100; 1.8925; -340.847532; -0.673704; 890.684762; 0.0017396187; 45.769648; 0.0094548318;
22; 101; 1.9025; -340.847089; -0.674140; 894.508146; 0.0017470862; 45.742041; 0.0094519798;
22; 102; 1.9125; -340.846659; -0.674561; 898.824349; 0.0017555163; 45.714412; 0.0094491249;
22; 103; 1.9226; -340.846243; -0.674963; 903.664990; 0.0017649707; 45.686772; 0.0094462678;
22; 104; 1.9326; -340.845840; -0.675338; 908.940639; 0.0017752747; 45.659140; 0.0094434109;
22; 105; 1.9426; -340.845450; -0.675676; 914.426181; 0.0017859886; 45.631508; 0.0094405529;
22; 106; 1.9526; -340.845071; -0.675964; 919.605887; 0.0017961052; 45.603917; 0.0094376984;
22; 107; 1.9627; -340.844705; -0.676182; 923.380217; 0.0018034770; 45.576322; 0.0094348425;
22; 108; 1.9727; -340.844350; -0.676303; 923.876457; 0.0018044462; 45.548726; 0.0094319857;
22; 109; 1.9827; -340.844006; -0.676297; 918.358956; 0.0017936698; 45.521046; 0.0094291194;
22; 110; 1.9927; -340.843673; -0.676129; 904.143047; 0.0017659044; 45.493204; 0.0094262354;
22; 111; 2.0028; -340.843350; -0.675783; 880.926445; 0.0017205595; 45.465095; 0.0094233228;
22; 112; 2.0128; -340.843037; -0.675257; 851.709055; 0.0016634942; 45.436695; 0.0094203792;
22; 113; 2.0228; -340.842735; -0.674579; 821.339088; 0.0016041779; 45.407996; 0.0094174037;
22; 114; 2.0328; -340.842441; -0.673783; 794.168663; 0.0015511107; 45.379079; 0.0094144045;
22; 115; 2.0429; -340.842156; -0.672955; 598.298142; 0.0011685511; 45.349133; 0.0094112977;
22; 116; 2.0529; -340.841880; -0.671959; 757.281443; 0.0014790653; 45.320926; 0.0094083704;
22; 117; 2.0629; -340.841613; -0.670980; 747.763017; 0.0014604746; 45.291813; 0.0094053481;
22; 118; 2.0729; -340.841353; -0.669976; 742.953514; 0.0014510811; 45.262698; 0.0094023246;
22; 119; 2.0830; -340.841102; -0.668958; 740.989830; 0.0014472458; 45.233589; 0.0093993007;
22; 120; 2.0930; -340.840857; -0.667933; 741.041947; 0.0014473476; 45.204504; 0.0093962784;
22; 121; 2.1030; -340.840620; -0.666907; 742.693366; 0.0014505730; 45.175426; 0.0093932557;
22; 122; 2.1130; -340.840390; -0.665885; 745.782981; 0.0014566074; 45.146425; 0.0093902402;
22; 123; 2.1231; -340.840167; -0.664869; 750.115624; 0.0014650696; 45.117488; 0.0093872304;
22; 124; 2.1331; -340.839949; -0.663864; 755.629622; 0.0014758391; 45.088609; 0.0093842256;
22; 125; 2.1431; -340.839738; -0.662866; 762.268821; 0.0014888063; 45.059546; 0.0093812007;
22; 126; 2.1531; -340.839533; -0.661891; 769.942339; 0.0015037936; 45.030784; 0.0093782061;
22; 127; 2.1632; -340.839334; -0.660932; 778.715975; 0.0015209296; 45.002092; 0.0093752180;
22; 128; 2.1732; -340.839139; -0.659996; 788.560869; 0.0015401579; 44.973543; 0.0093722436;
22; 129; 2.1832; -340.838950; -0.658247; 954.478005; 0.0018642149; 44.893453; 0.0093638947;
22; 130; 2.1932; -340.838766; -0.658190; 811.487429; 0.0015849364; 44.916498; 0.0093662978;
22; 131; 2.2033; -340.838587; -0.657333; 824.500530; 0.0016103526; 44.888149; 0.0093633416;
22; 132; 2.2133; -340.838412; -0.656510; 838.396754; 0.0016374937; 44.859913; 0.0093603962;
22; 133; 2.2233; -340.838242; -0.655725; 853.081003; 0.0016661738; 44.831699; 0.0093574522;
22; 134; 2.2333; -340.838075; -0.654983; 868.200056; 0.0016957032; 44.803609; 0.0093545202;
22; 135; 2.2434; -340.837913; -0.654291; 883.335735; 0.0017252651; 44.775580; 0.0093515937;
22; 136; 2.2534; -340.837754; -0.653652; 898.039022; 0.0017539825; 44.747598; 0.0093486711;
22; 137; 2.2634; -340.837600; -0.653071; 911.722396; 0.0017807078; 44.719630; 0.0093457492;
22; 138; 2.2734; -340.837448; -0.652552; 923.787834; 0.0018042731; 44.691660; 0.0093428260;
22; 139; 2.2835; -340.837300; -0.652096; 933.665594; 0.0018235656; 44.663666; 0.0093398995;
22; 140; 2.2935; -340.837155; -0.651706; 940.974359; 0.0018378405; 44.635630; 0.0093369677;
22; 141; 2.3035; -340.837013; -0.651379; 945.546350; 0.0018467702; 44.607512; 0.0093340263;
22; 142; 2.3135; -340.836874; -0.651111; 947.458652; 0.0018505052; 44.579331; 0.0093310774;
22; 143; 2.3236; -340.836738; -0.650898; 947.004700; 0.0018496186; 44.551064; 0.0093281186;
22; 144; 2.3336; -340.836604; -0.650735; 944.591632; 0.0018449055; 44.522724; 0.0093251513;
22; 145; 2.3436; -340.836473; -0.650614; 940.673706; 0.0018372533; 44.494316; 0.0093221758;
22; 146; 2.3536; -340.836344; -0.650530; 935.686058; 0.0018275118; 44.465842; 0.0093191925;
22; 147; 2.3637; -340.836220; -0.650474; 929.255668; 0.0018149525; 44.444761; 0.0093169831;
22; 148; 2.3737; -340.836093; -0.650433; 922.686195; 0.0018021215; 44.419753; 0.0093143615;
22; 149; 2.3837; -340.835968; -0.650420; 916.097051; 0.0017892521; 44.393111; 0.0093115678;
22; 150; 2.3937; -340.835845; -0.650423; 909.640633; 0.0017766419; 44.365610; 0.0093086832;
22; 151; 2.4038; -340.835724; -0.650443; 903.366796; 0.0017643883; 44.337648; 0.0093057493;
22; 152; 2.4138; -340.835606; -0.650475; 897.332318; 0.0017526022; 44.309377; 0.0093027820;
22; 153; 2.4238; -340.835490; -0.650519; 891.530309; 0.0017412701; 44.280917; 0.0092997939;
22; 154; 2.4338; -340.835375; -0.650608; 885.892210; 0.0017302582; 44.254848; 0.0092970560;
22; 155; 2.4439; -340.835262; -0.650699; 880.549423; 0.0017198231; 44.227992; 0.0092942346;
22; 156; 2.4539; -340.835151; -0.650792; 875.475636; 0.0017099134; 44.200684; 0.0092913649;
22; 157; 2.4639; -340.835062; -0.650837; 871.533821; 0.0017022145; 44.151777; 0.0092862231;
22; 158; 2.4739; -340.834952; -0.650955; 866.826073; 0.0016930197; 44.133489; 0.0092842997;
22; 159; 2.4840; -340.834841; -0.651055; 862.338676; 0.0016842552; 44.109955; 0.0092818239;
22; 160; 2.4940; -340.834733; -0.651156; 858.075926; 0.0016759295; 44.084424; 0.0092791373;
22; 161; 2.5040; -340.834627; -0.651258; 854.040950; 0.0016680487; 44.057880; 0.0092763434;
22; 162; 2.5140; -340.834539; -0.651312; 850.582295; 0.0016612935; 44.011865; 0.0092714979;
22; 163; 2.5241; -340.834435; -0.651443; 847.017565; 0.0016543312; 43.993546; 0.0092695682;
22; 164; 2.5341; -340.834331; -0.651544; 843.557415; 0.0016475731; 43.969391; 0.0092670231;
22; 165; 2.5441; -340.834229; -0.651646; 840.232331; 0.0016410788; 43.943337; 0.0092642771;
22; 166; 2.5541; -340.834145; -0.651704; 837.366899; 0.0016354822; 43.897551; 0.0092594495;
22; 167; 2.5642; -340.834046; -0.651835; 834.394425; 0.0016296766; 43.879275; 0.0092575217;
22; 168; 2.5742; -340.833946; -0.651935; 831.455577; 0.0016239367; 43.855133; 0.0092549747;
22; 169; 2.5842; -340.833848; -0.652036; 828.628774; 0.0016184156; 43.829024; 0.0092522193;
22; 170; 2.5942; -340.833769; -0.652100; 826.232352; 0.0016137351; 43.782675; 0.0092473259;
22; 171; 2.6043; -340.833673; -0.652228; 823.715444; 0.0016088192; 43.764536; 0.0092454101;
22; 172; 2.6143; -340.833577; -0.652324; 821.200072; 0.0016039064; 43.740408; 0.0092428613;
22; 173; 2.6243; -340.833483; -0.652422; 818.749239; 0.0015991196; 43.714303; 0.0092401027;
22; 174; 2.6343; -340.833408; -0.652492; 816.708602; 0.0015951340; 43.667683; 0.0092351743;
22; 175; 2.6444; -340.833316; -0.652614; 814.519241; 0.0015908579; 43.649647; 0.0092332668;
22; 176; 2.6544; -340.833223; -0.652706; 812.307703; 0.0015865385; 43.625594; 0.0092307226;
22; 177; 2.6644; -340.833133; -0.652800; 810.145669; 0.0015823158; 43.599539; 0.0092279656;
22; 178; 2.6744; -340.833062; -0.652876; 808.380039; 0.0015788673; 43.552679; 0.0092230052;
22; 179; 2.6845; -340.832973; -0.652990; 806.454437; 0.0015751063; 43.534800; 0.0092211120;
22; 180; 2.6945; -340.832884; -0.653077; 804.494550; 0.0015712784; 43.510899; 0.0092185804;
22; 181; 2.7045; -340.832812; -0.653150; 802.863076; 0.0015680919; 43.466645; 0.0092138912;
22; 182; 2.7145; -340.832725; -0.653260; 801.080507; 0.0015646104; 43.448841; 0.0092120040;
22; 183; 2.7246; -340.832638; -0.653343; 799.262052; 0.0015610587; 43.425063; 0.0092094829;
22; 184; 2.7346; -340.832568; -0.653419; 797.765573; 0.0015581359; 43.381102; 0.0092048202;
22; 185; 2.7446; -340.832484; -0.653524; 796.114894; 0.0015549119; 43.363410; 0.0092029430;
22; 186; 2.7546; -340.832399; -0.653603; 794.422906; 0.0015516072; 43.339738; 0.0092004308;
22; 187; 2.7647; -340.832331; -0.653676; 793.080913; 0.0015489862; 43.295859; 0.0091957721;
22; 188; 2.7747; -340.832249; -0.653778; 791.559444; 0.0015460145; 43.278292; 0.0091939064;
22; 189; 2.7847; -340.832166; -0.653855; 789.980499; 0.0015429307; 43.254746; 0.0091914050;
22; 190; 2.7947; -340.832102; -0.653928; 788.761140; 0.0015405491; 43.210856; 0.0091867406;
22; 191; 2.8048; -340.832022; -0.654026; 787.336260; 0.0015377661; 43.193396; 0.0091848844;
22; 192; 2.8148; -340.831941; -0.654098; 785.853531; 0.0015348702; 43.169954; 0.0091823916;
22; 193; 2.8248; -340.831879; -0.654174; 784.741089; 0.0015326974; 43.126107; 0.0091777272;
22; 194; 2.8348; -340.831801; -0.654264; 783.396287; 0.0015300709; 43.108781; 0.0091758835;
22; 195; 2.8449; -340.831722; -0.654331; 781.988636; 0.0015273216; 43.085433; 0.0091733983;
22; 196; 2.8549; -340.831662; -0.654406; 780.984290; 0.0015253599; 43.041588; 0.0091687295;
22; 197; 2.8649; -340.831586; -0.654493; 779.706883; 0.0015228650; 43.024365; 0.0091668950;
22; 198; 2.8749; -340.831510; -0.654557; 778.351647; 0.0015202181; 43.001117; 0.0091644179;
22; 199; 2.8850; -340.831452; -0.654632; 777.412971; 0.0015183847; 42.957278; 0.0091597453;
22; 200; 2.8950; -340.831379; -0.654715; 776.209541; 0.0015160343; 42.940176; 0.0091579218;
22; 201; 2.9050; -340.831304; -0.654775; 774.934420; 0.0015135438; 42.917009; 0.0091554510;
22; 202; 2.9150; -340.831249; -0.654850; 774.077521; 0.0015118702; 42.873159; 0.0091507725;
22; 203; 2.9251; -340.831177; -0.654928; 772.917387; 0.0015096043; 42.856134; 0.0091489555;
22; 204; 2.9351; -340.831105; -0.654983; 771.695409; 0.0015072176; 42.833054; 0.0091464916;
22; 205; 2.9451; -340.831052; -0.655062; 770.902480; 0.0015056689; 42.789175; 0.0091418054;
22; 206; 2.9551; -340.830982; -0.655132; 769.776074; 0.0015034689; 42.772230; 0.0091399952;
22; 207; 2.9652; -340.830912; -0.655184; 768.600246; 0.0015011724; 42.749190; 0.0091375331;
22; 208; 2.9752; -340.830861; -0.655259; 767.899526; 0.0014998038; 42.705288; 0.0091328399;
22; 209; 2.9852; -340.830793; -0.655328; 766.832366; 0.0014977195; 42.688397; 0.0091310337;
22; 210; 2.9952; -340.830725; -0.655376; 765.700933; 0.0014955096; 42.665401; 0.0091285739;
22; 211; 3.0053; -340.830676; -0.655454; 765.027052; 0.0014941935; 42.621402; 0.0091238658;
22; 212; 3.0153; -340.830610; -0.655516; 763.992326; 0.0014921725; 42.604604; 0.0091220676;
22; 213; 3.0253; -340.830543; -0.655561; 762.912963; 0.0014900644; 42.581659; 0.0091196109;
22; 214; 3.0353; -340.830497; -0.655639; 762.321401; 0.0014889090; 42.537690; 0.0091149014;
22; 215; 3.0454; -340.830433; -0.655697; 761.326734; 0.0014869663; 42.520926; 0.0091131050;
22; 216; 3.0554; -340.830368; -0.655740; 760.283659; 0.0014849290; 42.498047; 0.0091106530;
22; 217; 3.0654; -340.830323; -0.655816; 759.745353; 0.0014838776; 42.454135; 0.0091059449;
22; 218; 3.0754; -340.830261; -0.655871; 758.776957; 0.0014819862; 42.437444; 0.0091041547;
22; 219; 3.0855; -340.830198; -0.655909; 757.761650; 0.0014800032; 42.414668; 0.0091017113;
22; 220; 3.0955; -340.830156; -0.655986; 757.257961; 0.0014790195; 42.370846; 0.0090970082;
22; 221; 3.1055; -340.830096; -0.656037; 756.315524; 0.0014771788; 42.354237; 0.0090952250;
22; 222; 3.1155; -340.830034; -0.656073; 755.328338; 0.0014752507; 42.331556; 0.0090927894;
22; 223; 3.1256; -340.829994; -0.656147; 754.867812; 0.0014743512; 42.287871; 0.0090880966;
22; 224; 3.1356; -340.829936; -0.656197; 753.949675; 0.0014725580; 42.271355; 0.0090863216;
22; 225; 3.1456; -340.829876; -0.656230; 752.979398; 0.0014706629; 42.248784; 0.0090838954;
22; 226; 3.1556; -340.829838; -0.656306; 752.564245; 0.0014698520; 42.205263; 0.0090792155;
22; 227; 3.1657; -340.829781; -0.656350; 751.668260; 0.0014681021; 42.188839; 0.0090774488;
22; 228; 3.1757; -340.829724; -0.656380; 750.722331; 0.0014662546; 42.166381; 0.0090750324;
22; 229; 3.1857; -340.829687; -0.656456; 750.337006; 0.0014655020; 42.122960; 0.0090703586;
22; 230; 3.1957; -340.829633; -0.656500; 749.470003; 0.0014638086; 42.106622; 0.0090685995;
22; 231; 3.2058; -340.829577; -0.656525; 748.549370; 0.0014620105; 42.084244; 0.0090661893;
22; 232; 3.2158; -340.829542; -0.656597; 748.178082; 0.0014612853; 42.040951; 0.0090615248;
22; 233; 3.2258; -340.829489; -0.656638; 747.328702; 0.0014596264; 42.024674; 0.0090597705;
22; 234; 3.2358; -340.829435; -0.656663; 746.422735; 0.0014578569; 42.002361; 0.0090573650;
22; 235; 3.2459; -340.829403; -0.656739; 746.090252; 0.0014572075; 41.959091; 0.0090526985;
22; 236; 3.2559; -340.829351; -0.656776; 745.257240; 0.0014555805; 41.942871; 0.0090509485;
22; 237; 3.2659; -340.829299; -0.656796; 744.377153; 0.0014538616; 41.920622; 0.0090485477;
22; 238; 3.2759; -340.829268; -0.656871; 744.066265; 0.0014532544; 41.877339; 0.0090438751;
22; 239; 3.2860; -340.829219; -0.656903; 743.234811; 0.0014516305; 41.861204; 0.0090421327;
22; 240; 3.2960; -340.829168; -0.656924; 742.356727; 0.0014499155; 41.839028; 0.0090397374;
22; 241; 3.3060; -340.829139; -0.656998; 742.061732; 0.0014493393; 41.795794; 0.0090350656;
22; 242; 3.3160; -340.829091; -0.657027; 741.248540; 0.0014477511; 41.779702; 0.0090333261;
22; 243; 3.3261; -340.829042; -0.657045; 740.380569; 0.0014460558; 41.757587; 0.0090309350;
22; 244; 3.3361; -340.829014; -0.657119; 740.103084; 0.0014455138; 41.714422; 0.0090262661;
22; 245; 3.3461; -340.828968; -0.657146; 739.300035; 0.0014439454; 41.698436; 0.0090245364;
22; 246; 3.3561; -340.828921; -0.657163; 738.444060; 0.0014422736; 41.676438; 0.0090221557;
22; 247; 3.3662; -340.828895; -0.657236; 738.184670; 0.0014417669; 41.633333; 0.0090174887;
22; 248; 3.3762; -340.828850; -0.657260; 737.391368; 0.0014402175; 41.617430; 0.0090157664;
22; 249; 3.3862; -340.828804; -0.657274; 736.557361; 0.0014385886; 41.595486; 0.0090133892;
22; 250; 3.3962; -340.828780; -0.657348; 736.307148; 0.0014380999; 41.552397; 0.0090087194;
22; 251; 3.4063; -340.828736; -0.657373; 735.503106; 0.0014365295; 41.536630; 0.0090070101;
22; 252; 3.4163; -340.828692; -0.657383; 734.661353; 0.0014348855; 41.514790; 0.0090046418;
22; 253; 3.4263; -340.828669; -0.657455; 734.424323; 0.0014344225; 41.471973; 0.0089999971;
22; 254; 3.4363; -340.828627; -0.657478; 733.636142; 0.0014328831; 41.456216; 0.0089982872;
22; 255; 3.4464; -340.828598; -0.657521; 733.255667; 0.0014321400; 41.418318; 0.0089941732;
22; 256; 3.4564; -340.828557; -0.657541; 732.444310; 0.0014305553; 41.402510; 0.0089924567;
22; 257; 3.4664; -340.828529; -0.657585; 732.037718; 0.0014297612; 41.365079; 0.0089883908;
22; 258; 3.4764; -340.828489; -0.657607; 731.225088; 0.0014281740; 41.349276; 0.0089866737;
22; 259; 3.4865; -340.828461; -0.657653; 730.811071; 0.0014273654; 41.311932; 0.0089826147;
22; 260; 3.4965; -340.828422; -0.657671; 730.003909; 0.0014257889; 41.296198; 0.0089809040;
22; 261; 3.5065; -340.828395; -0.657715; 729.616704; 0.0014250326; 41.258985; 0.0089768566;
22; 262; 3.5165; -340.828357; -0.657734; 728.823877; 0.0014234841; 41.243336; 0.0089751540;
22; 263; 3.5266; -340.828331; -0.657778; 728.448987; 0.0014227519; 41.206317; 0.0089711252;
22; 264; 3.5366; -340.828294; -0.657795; 727.662431; 0.0014212157; 41.190718; 0.0089694270;
22; 265; 3.5466; -340.828269; -0.657838; 727.277598; 0.0014204641; 41.153830; 0.0089654098;
22; 266; 3.5566; -340.828233; -0.657855; 726.497955; 0.0014189413; 41.138330; 0.0089637214;
22; 267; 3.5667; -340.828209; -0.657900; 726.149337; 0.0014182604; 41.101574; 0.0089597160;
22; 268; 3.5767; -340.828173; -0.657914; 725.384670; 0.0014167669; 41.086162; 0.0089580360;
22; 269; 3.5867; -340.828150; -0.657958; 725.061200; 0.0014161352; 41.049601; 0.0089540495;
22; 270; 3.5967; -340.828115; -0.657970; 724.301983; 0.0014146523; 41.034267; 0.0089523769;
22; 271; 3.6068; -340.828093; -0.658012; 723.986838; 0.0014140368; 40.997807; 0.0089483988;
22; 272; 3.6168; -340.828059; -0.658026; 723.247409; 0.0014125926; 40.982531; 0.0089467316;
22; 273; 3.6268; -340.828037; -0.658067; 722.957268; 0.0014120259; 40.946182; 0.0089427631;
22; 274; 3.6368; -340.828004; -0.658079; 722.231747; 0.0014106089; 40.930960; 0.0089411007;
22; 275; 3.6469; -340.827983; -0.658120; 721.941671; 0.0014100423; 40.894686; 0.0089371379;
22; 276; 3.6569; -340.827950; -0.658132; 721.215021; 0.0014086231; 40.879488; 0.0089354770;
22; 277; 3.6669; -340.827930; -0.658172; 720.951640; 0.0014081087; 40.843187; 0.0089315088;
22; 278; 3.6769; -340.827898; -0.658183; 720.225765; 0.0014066909; 40.828020; 0.0089298503;
22; 279; 3.6870; -340.827878; -0.658222; 719.952199; 0.0014061566; 40.791752; 0.0089258832;
22; 280; 3.6970; -340.827847; -0.658232; 719.234641; 0.0014047552; 40.776573; 0.0089242223;
22; 281; 3.7070; -340.827828; -0.658271; 718.976257; 0.0014042505; 40.740247; 0.0089202464;
22; 282; 3.7170; -340.827797; -0.658281; 718.267226; 0.0014028657; 40.725067; 0.0089185843;
22; 283; 3.7271; -340.827779; -0.658319; 717.997416; 0.0014023387; 40.688640; 0.0089145948;
22; 284; 3.7371; -340.827749; -0.658328; 717.279636; 0.0014009368; 40.673482; 0.0089129341;
22; 285; 3.7471; -340.827732; -0.658366; 717.010042; 0.0014004102; 40.637061; 0.0089089426;
22; 286; 3.7571; -340.827702; -0.658374; 716.300674; 0.0013990248; 40.621886; 0.0089072791;
22; 287; 3.7672; -340.827685; -0.658412; 716.028780; 0.0013984937; 40.585410; 0.0089032791;
22; 288; 3.7772; -340.827656; -0.658419; 715.303326; 0.0013970768; 40.570236; 0.0089016146;
22; 289; 3.7872; -340.827640; -0.658457; 715.013891; 0.0013965115; 40.533762; 0.0088976123;
22; 290; 3.7972; -340.827611; -0.658462; 714.300288; 0.0013951178; 40.518590; 0.0088959469;
22; 291; 3.8073; -340.827596; -0.658501; 714.026753; 0.0013945835; 40.482109; 0.0088919412;
22; 292; 3.8173; -340.827568; -0.658506; 713.303659; 0.0013931712; 40.466959; 0.0088902772;
22; 293; 3.8273; -340.827553; -0.658545; 713.034798; 0.0013926461; 40.430539; 0.0088862758;
22; 294; 3.8373; -340.827526; -0.658548; 712.317459; 0.0013912450; 40.415408; 0.0088846128;
22; 295; 3.8474; -340.827511; -0.658585; 712.041148; 0.0013907054; 40.379061; 0.0088806167;
22; 296; 3.8574; -340.827484; -0.658589; 711.314863; 0.0013892868; 40.363946; 0.0088789545;
22; 297; 3.8674; -340.827470; -0.658628; 711.024807; 0.0013887203; 40.327688; 0.0088749657;
22; 298; 3.8774; -340.827444; -0.658630; 710.296804; 0.0013872984; 40.312621; 0.0088733076;
22; 299; 3.8875; -340.827431; -0.658668; 710.015865; 0.0013867497; 40.276428; 0.0088693234;
22; 300; 3.8975; -340.827405; -0.658669; 709.284275; 0.0013853208; 40.261425; 0.0088676714;
22; 301; 3.9075; -340.827392; -0.658707; 708.993814; 0.0013847535; 40.225433; 0.0088637068;
22; 302; 3.9175; -340.827367; -0.658708; 708.271508; 0.0013833428; 40.210466; 0.0088620577;
22; 303; 3.9276; -340.827354; -0.658743; 707.992232; 0.0013827973; 40.174610; 0.0088581056;
22; 304; 3.9376; -340.827330; -0.658746; 707.269748; 0.0013813862; 40.159722; 0.0088564642;
22; 305; 3.9476; -340.827318; -0.658783; 706.976793; 0.0013808140; 40.124085; 0.0088525338;
22; 306; 3.9576; -340.827294; -0.658783; 706.258375; 0.0013794109; 40.109271; 0.0088508993;
22; 307; 3.9677; -340.827282; -0.658820; 705.979165; 0.0013788656; 40.073822; 0.0088469873;
22; 308; 3.9777; -340.827258; -0.658819; 705.254279; 0.0013774498; 40.059107; 0.0088453628;
22; 309; 3.9877; -340.827247; -0.658856; 704.968890; 0.0013768924; 40.023829; 0.0088414671;
22; 310; 3.9977; -340.827224; -0.658855; 704.248039; 0.0013754845; 40.009224; 0.0088398538;
22; 311; 4.0078; -340.827213; -0.658891; 703.960150; 0.0013749222; 39.974162; 0.0088359796;
22; 312; 4.0178; -340.827190; -0.658889; 703.248533; 0.0013735323; 39.959650; 0.0088343756;
22; 313; 4.0278; -340.827180; -0.658926; 702.986687; 0.0013730209; 39.924777; 0.0088305199;
22; 314; 4.0378; -340.827157; -0.658923; 702.272838; 0.0013716266; 39.910362; 0.0088289255;
22; 315; 4.0479; -340.827147; -0.658957; 702.017096; 0.0013711271; 39.875665; 0.0088250868;
22; 316; 4.0579; -340.827125; -0.658956; 701.312147; 0.0013697503; 39.861347; 0.0088235023;
22; 317; 4.0679; -340.827115; -0.658992; 701.045812; 0.0013692301; 39.826815; 0.0088196796;
22; 318; 4.0779; -340.827093; -0.658989; 700.352342; 0.0013678757; 39.812595; 0.0088181049;
22; 319; 4.0880; -340.827084; -0.659022; 700.128746; 0.0013674390; 39.778181; 0.0088142929;
22; 320; 4.0980; -340.827062; -0.659021; 699.459888; 0.0013661326; 39.764038; 0.0088127258;
22; 321; 4.1080; -340.827053; -0.659056; 699.251506; 0.0013657256; 39.729712; 0.0088089213;
22; 322; 4.1180; -340.827032; -0.659051; 698.577210; 0.0013644086; 39.715628; 0.0088073598;
22; 323; 4.1281; -340.827023; -0.659086; 698.358721; 0.0013639819; 39.681362; 0.0088035595;
22; 324; 4.1381; -340.827002; -0.659082; 697.699404; 0.0013626941; 39.667315; 0.0088020012;
22; 325; 4.1481; -340.826994; -0.659117; 697.507974; 0.0013623203; 39.633055; 0.0087981993;
22; 326; 4.1581; -340.826973; -0.659113; 696.861760; 0.0013610581; 39.619051; 0.0087966447;
22; 327; 4.1682; -340.826965; -0.659146; 696.683548; 0.0013607101; 39.584790; 0.0087928405;
22; 328; 4.1782; -340.826945; -0.659142; 696.044094; 0.0013594611; 39.570814; 0.0087912880;
22; 329; 4.1882; -340.826937; -0.659175; 695.867677; 0.0013591166; 39.536544; 0.0087874805;
22; 330; 4.1982; -340.826917; -0.659170; 695.231510; 0.0013578740; 39.522575; 0.0087859279;
22; 331; 4.2083; -340.826910; -0.659204; 695.068248; 0.0013575552; 39.488319; 0.0087821195;
22; 332; 4.2183; -340.826890; -0.659198; 694.432645; 0.0013563138; 39.474356; 0.0087805667;
22; 333; 4.2283; -340.826883; -0.659232; 694.260613; 0.0013559778; 39.440039; 0.0087767492;
22; 334; 4.2383; -340.826864; -0.659226; 693.623314; 0.0013547330; 39.426098; 0.0087751979;
22; 335; 4.2484; -340.826857; -0.659259; 693.452671; 0.0013543997; 39.391770; 0.0087713768;
22; 336; 4.2584; -340.826838; -0.659253; 692.815565; 0.0013531554; 39.377820; 0.0087698235;
22; 337; 4.2684; -340.826831; -0.659286; 692.639975; 0.0013528125; 39.343490; 0.0087659999;
22; 338; 4.2784; -340.826813; -0.659280; 691.996968; 0.0013515566; 39.329534; 0.0087644450;
22; 339; 4.2885; -340.826807; -0.659313; 691.820757; 0.0013512124; 39.295219; 0.0087606207;
22; 340; 4.2985; -340.826788; -0.659306; 691.186557; 0.0013499737; 39.281261; 0.0087590646;
22; 341; 4.3085; -340.826782; -0.659337; 691.044139; 0.0013496956; 39.246966; 0.0087552401;
22; 342; 4.3185; -340.826764; -0.659415; 486.016182; 0.0009492504; 39.744768; 0.0088105902;
22; 343; 4.3286; -340.826759; -0.659364; 690.267857; 0.0013481794; 39.198735; 0.0087498588;
22; 344; 4.3386; -340.826741; -0.659358; 689.533673; 0.0013467455; 39.184768; 0.0087482998;
22; 345; 4.3486; -340.826736; -0.659390; 689.303693; 0.0013462963; 39.150576; 0.0087444822;
22; 346; 4.3586; -340.826718; -0.659382; 688.647479; 0.0013450146; 39.136585; 0.0087429195;
22; 347; 4.3687; -340.826713; -0.659412; 688.435598; 0.0013446008; 39.102431; 0.0087391038;
22; 348; 4.3787; -340.826695; -0.659406; 687.770591; 0.0013433019; 39.088442; 0.0087375405;
22; 349; 4.3887; -340.826691; -0.659436; 687.539821; 0.0013428512; 39.054365; 0.0087337310;
22; 350; 4.3987; -340.826673; -0.659431; 686.872184; 0.0013415472; 39.040376; 0.0087321667;
22; 351; 4.4088; -340.826669; -0.659460; 686.664434; 0.0013411415; 39.006337; 0.0087283591;
22; 352; 4.4188; -340.826652; -0.659454; 686.002328; 0.0013398483; 38.992393; 0.0087267988;
22; 353; 4.4288; -340.826647; -0.659484; 685.766840; 0.0013393884; 38.958546; 0.0087230103;
22; 354; 4.4388; -340.826630; -0.659476; 685.102547; 0.0013380909; 38.944611; 0.0087214502;
22; 355; 4.4489; -340.826626; -0.659507; 684.875643; 0.0013376477; 38.910840; 0.0087176680;
22; 356; 4.4589; -340.826609; -0.659498; 684.210591; 0.0013363488; 38.896959; 0.0087161128;
22; 357; 4.4689; -340.826605; -0.659529; 683.980395; 0.0013358992; 38.863309; 0.0087123419;
22; 358; 4.4789; -340.826588; -0.659520; 683.312855; 0.0013345954; 38.849492; 0.0087107929;
22; 359; 4.4890; -340.826585; -0.659548; 683.074219; 0.0013341293; 38.815977; 0.0087070348;
22; 360; 4.4990; -340.826568; -0.659542; 682.403380; 0.0013328191; 38.802234; 0.0087054933;
22; 361; 4.5090; -340.826564; -0.659570; 682.174749; 0.0013323726; 38.768861; 0.0087017487;
22; 362; 4.5190; -340.826548; -0.659564; 681.511786; 0.0013310777; 38.755210; 0.0087002166;
22; 363; 4.5291; -340.826545; -0.659591; 681.280641; 0.0013306263; 38.721994; 0.0086964875;
22; 364; 4.5391; -340.826529; -0.659583; 680.624215; 0.0013293442; 38.708424; 0.0086949636;
22; 365; 4.5491; -340.826525; -0.659613; 680.415009; 0.0013289356; 38.675363; 0.0086912495;
22; 366; 4.5591; -340.826509; -0.659604; 679.756888; 0.0013276502; 38.661879; 0.0086897343;
22; 367; 4.5692; -340.826506; -0.659632; 679.549952; 0.0013272460; 38.628948; 0.0086860327;
22; 368; 4.5792; -340.826491; -0.659624; 678.906051; 0.0013259884; 38.615553; 0.0086845266;
22; 369; 4.5892; -340.826488; -0.659654; 678.713829; 0.0013256129; 38.582736; 0.0086808355;
22; 370; 4.5992; -340.826472; -0.659644; 678.069728; 0.0013243549; 38.569414; 0.0086793368;
22; 371; 4.6093; -340.826469; -0.659673; 677.880168; 0.0013239847; 38.536681; 0.0086756530;
22; 372; 4.6193; -340.826454; -0.659663; 677.238145; 0.0013227308; 38.523419; 0.0086741601;
22; 373; 4.6293; -340.826451; -0.659692; 677.056220; 0.0013223754; 38.490737; 0.0086704799;
22; 374; 4.6393; -340.826436; -0.659682; 676.422470; 0.0013211376; 38.477546; 0.0086689940;
22; 375; 4.6494; -340.826434; -0.659711; 676.248390; 0.0013207976; 38.444901; 0.0086653158;
22; 376; 4.6594; -340.826419; -0.659701; 675.626153; 0.0013195823; 38.431764; 0.0086638351;
22; 377; 4.6694; -340.826417; -0.659728; 675.455672; 0.0013192494; 38.399161; 0.0086601594;
22; 378; 4.6794; -340.826402; -0.659720; 674.830514; 0.0013180283; 38.386073; 0.0086586834;
22; 379; 4.6895; -340.826400; -0.659747; 674.641324; 0.0013176588; 38.353514; 0.0086550105;
22; 380; 4.6995; -340.826385; -0.659738; 674.024145; 0.0013164534; 38.340466; 0.0086535382;
22; 381; 4.7095; -340.826383; -0.659766; 673.861905; 0.0013161365; 38.307954; 0.0086498684;
22; 382; 4.7195; -340.826369; -0.659756; 673.253156; 0.0013149476; 38.294944; 0.0086483994;
22; 383; 4.7296; -340.826367; -0.659784; 673.089861; 0.0013146286; 38.262487; 0.0086447337;
22; 384; 4.7396; -340.826353; -0.659773; 672.475967; 0.0013134296; 38.249520; 0.0086432687;
22; 385; 4.7496; -340.826351; -0.659800; 672.310450; 0.0013131063; 38.217147; 0.0086396103;
22; 386; 4.7596; -340.826337; -0.659792; 671.697935; 0.0013119100; 38.204220; 0.0086381489;
22; 387; 4.7697; -340.826336; -0.659817; 671.531677; 0.0013115853; 38.171924; 0.0086344970;
22; 388; 4.7797; -340.826322; -0.659807; 670.917988; 0.0013103867; 38.159019; 0.0086330373;
22; 389; 4.7897; -340.826320; -0.659833; 670.776691; 0.0013101107; 38.126839; 0.0086293964;
22; 390; 4.7997; -340.826306; -0.659824; 670.177531; 0.0013089405; 38.113972; 0.0086279401;
22; 391; 4.8098; -340.826305; -0.659850; 670.023045; 0.0013086388; 38.081889; 0.0086243080;
22; 392; 4.8198; -340.826291; -0.659840; 669.406005; 0.0013074336; 38.069037; 0.0086228527;
22; 393; 4.8298; -340.826290; -0.659868; 669.270079; 0.0013071681; 38.037082; 0.0086192329;
22; 394; 4.8398; -340.826277; -0.659857; 668.668518; 0.0013059932; 38.024256; 0.0086177796;
22; 395; 4.8499; -340.826276; -0.659882; 668.521729; 0.0013057065; 37.992393; 0.0086141682;
22; 396; 4.8599; -340.826262; -0.659872; 667.907406; 0.0013045067; 37.979581; 0.0086127155;
22; 397; 4.8699; -340.826261; -0.659899; 667.753927; 0.0013042069; 37.947816; 0.0086091131;
22; 398; 4.8799; -340.826248; -0.659889; 667.136074; 0.0013030001; 37.935013; 0.0086076606;
22; 399; 4.8900; -340.826247; -0.659915; 666.984058; 0.0013027032; 37.903332; 0.0086040656;
22; 400; 4.9000; -340.826234; -0.659903; 666.359593; 0.0013014836; 37.890539; 0.0086026135;
