 0.9000; -340.398846; -0.617136;  22;
 0.9100; -340.432213; -0.617552;  22;
 0.9201; -340.463584; -0.617820;  22;
 0.9301; -340.493077; -0.618164;  22;
 0.9401; -340.520810; -0.618454;  22;
 0.9501; -340.546853; -0.618856;  22;
 0.9602; -340.571317; -0.619321;  22;
 0.9702; -340.594278; -0.619874;  22;
 0.9802; -340.615820; -0.620383;  22;
 0.9902; -340.636025; -0.621091;  22;
 1.0003; -340.654960; -0.621692;  22;
 1.0103; -340.672697; -0.622510;  22;
 1.0203; -340.689301; -0.623199;  22;
 1.0303; -340.704840; -0.624097;  22;
 1.0404; -340.719361; -0.624887;  22;
 1.0504; -340.732927; -0.625780;  22;
 1.0604; -340.745589; -0.626713;  22;
 1.0704; -340.757405; -0.627735;  22;
 1.0805; -340.768407; -0.628663;  22;
 1.0905; -340.778647; -0.629656;  22;
 1.1005; -340.788168; -0.630670;  22;
 1.1105; -340.797016; -0.631776;  22;
 1.1206; -340.805216; -0.632743;  22;
 1.1306; -340.812810; -0.633764;  22;
 1.1406; -340.819832; -0.634792;  22;
 1.1506; -340.826316; -0.635817;  22;
 1.1607; -340.832297; -0.636886;  22;
 1.1707; -340.837791; -0.638108;  21;
 1.1807; -340.842833; -0.638849;  21;
 1.1907; -340.847450; -0.639812;  21;
 1.2008; -340.851665; -0.640762;  21;
 1.2108; -340.855503; -0.641851;  20;
 1.2208; -340.858986; -0.642604;  20;
 1.2308; -340.862135; -0.643489;  20;
 1.2409; -340.864969; -0.644349;  20;
 1.2509; -340.867508; -0.645183;  20;
 1.2609; -340.869771; -0.645989;  20;
 1.2709; -340.871774; -0.646769;  20;
 1.2810; -340.873534; -0.647519;  20;
 1.2910; -340.875066; -0.648242;  20;
 1.3010; -340.876385; -0.648937;  20;
 1.3110; -340.877506; -0.649605;  20;
 1.3211; -340.878441; -0.650244;  20;
 1.3311; -340.879204; -0.650857;  20;
 1.3411; -340.879807; -0.651443;  20;
 1.3511; -340.880261; -0.652006;  20;
 1.3612; -340.880576; -0.652543;  20;
 1.3712; -340.880765; -0.653057;  20;
 1.3812; -340.880835; -0.653550;  20;
 1.3912; -340.880797; -0.654021;  20;
 1.4013; -340.880660; -0.654472;  20;
 1.4113; -340.880431; -0.654906;  20;
 1.4213; -340.880119; -0.655323;  20;
 1.4313; -340.879731; -0.655724;  20;
 1.4414; -340.879275; -0.656112;  20;
 1.4514; -340.878757; -0.656487;  20;
 1.4614; -340.878183; -0.656850;  20;
 1.4714; -340.877560; -0.657205;  20;
 1.4815; -340.876893; -0.657550;  20;
 1.4915; -340.876188; -0.657889;  20;
 1.5015; -340.875449; -0.658223;  20;
 1.5115; -340.874681; -0.658552;  20;
 1.5216; -340.873889; -0.658875;  20;
 1.5316; -340.873077; -0.659201;  20;
 1.5416; -340.872248; -0.659521;  20;
 1.5516; -340.871406; -0.659844;  20;
 1.5617; -340.870555; -0.660168;  20;
 1.5717; -340.869696; -0.660494;  20;
 1.5817; -340.868834; -0.660822;  20;
 1.5917; -340.867970; -0.661154;  20;
 1.6018; -340.867108; -0.661491;  20;
 1.6118; -340.866249; -0.661832;  20;
 1.6218; -340.865395; -0.662172;  20;
 1.6318; -340.864547; -0.662531;  20;
 1.6419; -340.863709; -0.662890;  20;
 1.6519; -340.862880; -0.663256;  20;
 1.6619; -340.862063; -0.663628;  20;
 1.6719; -340.861258; -0.664008;  20;
 1.6820; -340.860466; -0.664394;  20;
 1.6920; -340.859688; -0.664789;  20;
 1.7020; -340.858925; -0.665190;  20;
 1.7120; -340.858178; -0.665599;  20;
 1.7221; -340.857446; -0.666014;  20;
 1.7321; -340.856730; -0.666437;  20;
 1.7421; -340.856032; -0.666866;  20;
 1.7521; -340.855349; -0.667302;  20;
 1.7622; -340.854684; -0.667742;  20;
 1.7722; -340.854035; -0.668189;  20;
 1.7822; -340.853404; -0.668640;  20;
 1.7922; -340.852789; -0.669096;  20;
 1.8023; -340.852192; -0.669555;  20;
 1.8123; -340.851610; -0.670017;  20;
 1.8223; -340.851046; -0.670481;  20;
 1.8323; -340.850497; -0.670947;  20;
 1.8424; -340.849965; -0.671413;  20;
 1.8524; -340.849448; -0.672772;  19;
 1.8624; -340.848947; -0.672343;  19;
 1.8724; -340.848461; -0.672802;  19;
 1.8825; -340.847989; -0.673257;  19;
 1.8925; -340.847532; -0.673704;  19;
 1.9025; -340.847089; -0.674140;  19;
 1.9125; -340.846659; -0.674561;  19;
 1.9226; -340.846243; -0.674963;  19;
 1.9326; -340.845840; -0.675338;  19;
 1.9426; -340.845450; -0.675676;  19;
 1.9526; -340.845071; -0.675964;  19;
 1.9627; -340.844705; -0.676182;  19;
 1.9727; -340.844350; -0.676303;  19;
 1.9827; -340.844006; -0.676297;  19;
 1.9927; -340.843673; -0.676129;  19;
 2.0028; -340.843350; -0.675783;  19;
 2.0128; -340.843037; -0.675257;  19;
 2.0228; -340.842735; -0.674579;  19;
 2.0328; -340.842441; -0.673783;  19;
 2.0429; -340.842156; -0.672955;  18;
 2.0529; -340.841880; -0.671959;  18;
 2.0629; -340.841613; -0.670980;  18;
 2.0729; -340.841353; -0.669976;  18;
 2.0830; -340.841102; -0.668958;  18;
 2.0930; -340.840857; -0.667933;  18;
 2.1030; -340.840620; -0.666907;  18;
 2.1130; -340.840390; -0.665885;  18;
 2.1231; -340.840167; -0.664869;  18;
 2.1331; -340.839949; -0.663864;  18;
 2.1431; -340.839738; -0.662866;  18;
 2.1531; -340.839533; -0.661891;  18;
 2.1632; -340.839334; -0.660932;  18;
 2.1732; -340.839139; -0.659996;  18;
 2.1832; -340.838950; -0.658247;  19;
 2.1932; -340.838766; -0.658190;  19;
 2.2033; -340.838587; -0.657333;  19;
 2.2133; -340.838412; -0.656510;  19;
 2.2233; -340.838242; -0.655725;  19;
 2.2333; -340.838075; -0.654983;  19;
 2.2434; -340.837913; -0.654291;  19;
 2.2534; -340.837754; -0.653652;  19;
 2.2634; -340.837600; -0.653071;  19;
 2.2734; -340.837448; -0.652552;  19;
 2.2835; -340.837300; -0.652096;  19;
 2.2935; -340.837155; -0.651706;  19;
 2.3035; -340.837013; -0.651379;  19;
 2.3135; -340.836874; -0.651111;  19;
 2.3236; -340.836738; -0.650898;  19;
 2.3336; -340.836604; -0.650735;  19;
 2.3436; -340.836473; -0.650614;  19;
 2.3536; -340.836344; -0.650530;  19;
 2.3637; -340.836220; -0.650474;  19;
 2.3737; -340.836093; -0.650433;  19;
 2.3837; -340.835968; -0.650420;  19;
 2.3937; -340.835845; -0.650423;  19;
 2.4038; -340.835724; -0.650443;  19;
 2.4138; -340.835606; -0.650475;  19;
 2.4238; -340.835490; -0.650519;  19;
 2.4338; -340.835375; -0.650608;  19;
 2.4439; -340.835262; -0.650699;  19;
 2.4539; -340.835151; -0.650792;  19;
 2.4639; -340.835062; -0.650837;  19;
 2.4739; -340.834952; -0.650955;  19;
 2.4840; -340.834841; -0.651055;  19;
 2.4940; -340.834733; -0.651156;  19;
 2.5040; -340.834627; -0.651258;  19;
 2.5140; -340.834539; -0.651312;  19;
 2.5241; -340.834435; -0.651443;  19;
 2.5341; -340.834331; -0.651544;  19;
 2.5441; -340.834229; -0.651646;  19;
 2.5541; -340.834145; -0.651704;  19;
 2.5642; -340.834046; -0.651835;  19;
 2.5742; -340.833946; -0.651935;  19;
 2.5842; -340.833848; -0.652036;  19;
 2.5942; -340.833769; -0.652100;  19;
 2.6043; -340.833673; -0.652228;  19;
 2.6143; -340.833577; -0.652324;  19;
 2.6243; -340.833483; -0.652422;  19;
 2.6343; -340.833408; -0.652492;  19;
 2.6444; -340.833316; -0.652614;  19;
 2.6544; -340.833223; -0.652706;  19;
 2.6644; -340.833133; -0.652800;  19;
 2.6744; -340.833062; -0.652876;  19;
 2.6845; -340.832973; -0.652990;  19;
 2.6945; -340.832884; -0.653077;  19;
 2.7045; -340.832812; -0.653150;  19;
 2.7145; -340.832725; -0.653260;  19;
 2.7246; -340.832638; -0.653343;  19;
 2.7346; -340.832568; -0.653419;  19;
 2.7446; -340.832484; -0.653524;  19;
 2.7546; -340.832399; -0.653603;  19;
 2.7647; -340.832331; -0.653676;  19;
 2.7747; -340.832249; -0.653778;  19;
 2.7847; -340.832166; -0.653855;  19;
 2.7947; -340.832102; -0.653928;  19;
 2.8048; -340.832022; -0.654026;  19;
 2.8148; -340.831941; -0.654098;  19;
 2.8248; -340.831879; -0.654174;  19;
 2.8348; -340.831801; -0.654264;  19;
 2.8449; -340.831722; -0.654331;  19;
 2.8549; -340.831662; -0.654406;  19;
 2.8649; -340.831586; -0.654493;  19;
 2.8749; -340.831510; -0.654557;  19;
 2.8850; -340.831452; -0.654632;  19;
 2.8950; -340.831379; -0.654715;  19;
 2.9050; -340.831304; -0.654775;  19;
 2.9150; -340.831249; -0.654850;  19;
 2.9251; -340.831177; -0.654928;  19;
 2.9351; -340.831105; -0.654983;  19;
 2.9451; -340.831052; -0.655062;  19;
 2.9551; -340.830982; -0.655132;  19;
 2.9652; -340.830912; -0.655184;  19;
 2.9752; -340.830861; -0.655259;  19;
 2.9852; -340.830793; -0.655328;  19;
 2.9952; -340.830725; -0.655376;  19;
 3.0053; -340.830676; -0.655454;  19;
 3.0153; -340.830610; -0.655516;  19;
 3.0253; -340.830543; -0.655561;  19;
 3.0353; -340.830497; -0.655639;  19;
 3.0454; -340.830433; -0.655697;  19;
 3.0554; -340.830368; -0.655740;  19;
 3.0654; -340.830323; -0.655816;  19;
 3.0754; -340.830261; -0.655871;  19;
 3.0855; -340.830198; -0.655909;  19;
 3.0955; -340.830156; -0.655986;  19;
 3.1055; -340.830096; -0.656037;  19;
 3.1155; -340.830034; -0.656073;  19;
 3.1256; -340.829994; -0.656147;  19;
 3.1356; -340.829936; -0.656197;  19;
 3.1456; -340.829876; -0.656230;  19;
 3.1556; -340.829838; -0.656306;  19;
 3.1657; -340.829781; -0.656350;  19;
 3.1757; -340.829724; -0.656380;  19;
 3.1857; -340.829687; -0.656456;  19;
 3.1957; -340.829633; -0.656500;  19;
 3.2058; -340.829577; -0.656525;  19;
 3.2158; -340.829542; -0.656597;  19;
 3.2258; -340.829489; -0.656638;  19;
 3.2358; -340.829435; -0.656663;  19;
 3.2459; -340.829403; -0.656739;  19;
 3.2559; -340.829351; -0.656776;  19;
 3.2659; -340.829299; -0.656796;  19;
 3.2759; -340.829268; -0.656871;  19;
 3.2860; -340.829219; -0.656903;  19;
 3.2960; -340.829168; -0.656924;  19;
 3.3060; -340.829139; -0.656998;  19;
 3.3160; -340.829091; -0.657027;  19;
 3.3261; -340.829042; -0.657045;  19;
 3.3361; -340.829014; -0.657119;  19;
 3.3461; -340.828968; -0.657146;  19;
 3.3561; -340.828921; -0.657163;  19;
 3.3662; -340.828895; -0.657236;  19;
 3.3762; -340.828850; -0.657260;  19;
 3.3862; -340.828804; -0.657274;  19;
 3.3962; -340.828780; -0.657348;  19;
 3.4063; -340.828736; -0.657373;  19;
 3.4163; -340.828692; -0.657383;  19;
 3.4263; -340.828669; -0.657455;  19;
 3.4363; -340.828627; -0.657478;  19;
 3.4464; -340.828598; -0.657521;  19;
 3.4564; -340.828557; -0.657541;  19;
 3.4664; -340.828529; -0.657585;  19;
 3.4764; -340.828489; -0.657607;  19;
 3.4865; -340.828461; -0.657653;  19;
 3.4965; -340.828422; -0.657671;  19;
 3.5065; -340.828395; -0.657715;  19;
 3.5165; -340.828357; -0.657734;  19;
 3.5266; -340.828331; -0.657778;  19;
 3.5366; -340.828294; -0.657795;  19;
 3.5466; -340.828269; -0.657838;  19;
 3.5566; -340.828233; -0.657855;  19;
 3.5667; -340.828209; -0.657900;  19;
 3.5767; -340.828173; -0.657914;  19;
 3.5867; -340.828150; -0.657958;  19;
 3.5967; -340.828115; -0.657970;  19;
 3.6068; -340.828093; -0.658012;  19;
 3.6168; -340.828059; -0.658026;  19;
 3.6268; -340.828037; -0.658067;  19;
 3.6368; -340.828004; -0.658079;  19;
 3.6469; -340.827983; -0.658120;  19;
 3.6569; -340.827950; -0.658132;  19;
 3.6669; -340.827930; -0.658172;  19;
 3.6769; -340.827898; -0.658183;  19;
 3.6870; -340.827878; -0.658222;  19;
 3.6970; -340.827847; -0.658232;  19;
 3.7070; -340.827828; -0.658271;  19;
 3.7170; -340.827797; -0.658281;  19;
 3.7271; -340.827779; -0.658319;  19;
 3.7371; -340.827749; -0.658328;  19;
 3.7471; -340.827732; -0.658366;  19;
 3.7571; -340.827702; -0.658374;  19;
 3.7672; -340.827685; -0.658412;  19;
 3.7772; -340.827656; -0.658419;  19;
 3.7872; -340.827640; -0.658457;  19;
 3.7972; -340.827611; -0.658462;  19;
 3.8073; -340.827596; -0.658501;  19;
 3.8173; -340.827568; -0.658506;  19;
 3.8273; -340.827553; -0.658545;  19;
 3.8373; -340.827526; -0.658548;  19;
 3.8474; -340.827511; -0.658585;  19;
 3.8574; -340.827484; -0.658589;  19;
 3.8674; -340.827470; -0.658628;  19;
 3.8774; -340.827444; -0.658630;  19;
 3.8875; -340.827431; -0.658668;  19;
 3.8975; -340.827405; -0.658669;  19;
 3.9075; -340.827392; -0.658707;  19;
 3.9175; -340.827367; -0.658708;  19;
 3.9276; -340.827354; -0.658743;  19;
 3.9376; -340.827330; -0.658746;  19;
 3.9476; -340.827318; -0.658783;  19;
 3.9576; -340.827294; -0.658783;  19;
 3.9677; -340.827282; -0.658820;  19;
 3.9777; -340.827258; -0.658819;  19;
 3.9877; -340.827247; -0.658856;  19;
 3.9977; -340.827224; -0.658855;  19;
 4.0078; -340.827213; -0.658891;  19;
 4.0178; -340.827190; -0.658889;  19;
 4.0278; -340.827180; -0.658926;  19;
 4.0378; -340.827157; -0.658923;  19;
 4.0479; -340.827147; -0.658957;  19;
 4.0579; -340.827125; -0.658956;  19;
 4.0679; -340.827115; -0.658992;  19;
 4.0779; -340.827093; -0.658989;  19;
 4.0880; -340.827084; -0.659022;  19;
 4.0980; -340.827062; -0.659021;  19;
 4.1080; -340.827053; -0.659056;  19;
 4.1180; -340.827032; -0.659051;  19;
 4.1281; -340.827023; -0.659086;  19;
 4.1381; -340.827002; -0.659082;  19;
 4.1481; -340.826994; -0.659117;  19;
 4.1581; -340.826973; -0.659113;  19;
 4.1682; -340.826965; -0.659146;  19;
 4.1782; -340.826945; -0.659142;  19;
 4.1882; -340.826937; -0.659175;  19;
 4.1982; -340.826917; -0.659170;  19;
 4.2083; -340.826910; -0.659204;  19;
 4.2183; -340.826890; -0.659198;  19;
 4.2283; -340.826883; -0.659232;  19;
 4.2383; -340.826864; -0.659226;  19;
 4.2484; -340.826857; -0.659259;  19;
 4.2584; -340.826838; -0.659253;  19;
 4.2684; -340.826831; -0.659286;  19;
 4.2784; -340.826813; -0.659280;  19;
 4.2885; -340.826807; -0.659313;  19;
 4.2985; -340.826788; -0.659306;  19;
 4.3085; -340.826782; -0.659337;  19;
 4.3185; -340.826764; -0.659415;  18;
 4.3286; -340.826759; -0.659364;  18;
 4.3386; -340.826741; -0.659358;  18;
 4.3486; -340.826736; -0.659390;  18;
 4.3586; -340.826718; -0.659382;  18;
 4.3687; -340.826713; -0.659412;  18;
 4.3787; -340.826695; -0.659406;  18;
 4.3887; -340.826691; -0.659436;  18;
 4.3987; -340.826673; -0.659431;  18;
 4.4088; -340.826669; -0.659460;  18;
 4.4188; -340.826652; -0.659454;  18;
 4.4288; -340.826647; -0.659484;  18;
 4.4388; -340.826630; -0.659476;  18;
 4.4489; -340.826626; -0.659507;  18;
 4.4589; -340.826609; -0.659498;  18;
 4.4689; -340.826605; -0.659529;  18;
 4.4789; -340.826588; -0.659520;  18;
 4.4890; -340.826585; -0.659548;  18;
 4.4990; -340.826568; -0.659542;  18;
 4.5090; -340.826564; -0.659570;  18;
 4.5190; -340.826548; -0.659564;  18;
 4.5291; -340.826545; -0.659591;  18;
 4.5391; -340.826529; -0.659583;  18;
 4.5491; -340.826525; -0.659613;  18;
 4.5591; -340.826509; -0.659604;  18;
 4.5692; -340.826506; -0.659632;  18;
 4.5792; -340.826491; -0.659624;  18;
 4.5892; -340.826488; -0.659654;  18;
 4.5992; -340.826472; -0.659644;  18;
 4.6093; -340.826469; -0.659673;  18;
 4.6193; -340.826454; -0.659663;  18;
 4.6293; -340.826451; -0.659692;  18;
 4.6393; -340.826436; -0.659682;  18;
 4.6494; -340.826434; -0.659711;  18;
 4.6594; -340.826419; -0.659701;  18;
 4.6694; -340.826417; -0.659728;  18;
 4.6794; -340.826402; -0.659720;  18;
 4.6895; -340.826400; -0.659747;  18;
 4.6995; -340.826385; -0.659738;  18;
 4.7095; -340.826383; -0.659766;  18;
 4.7195; -340.826369; -0.659756;  18;
 4.7296; -340.826367; -0.659784;  18;
 4.7396; -340.826353; -0.659773;  18;
 4.7496; -340.826351; -0.659800;  18;
 4.7596; -340.826337; -0.659792;  18;
 4.7697; -340.826336; -0.659817;  18;
 4.7797; -340.826322; -0.659807;  18;
 4.7897; -340.826320; -0.659833;  18;
 4.7997; -340.826306; -0.659824;  18;
 4.8098; -340.826305; -0.659850;  18;
 4.8198; -340.826291; -0.659840;  18;
 4.8298; -340.826290; -0.659868;  18;
 4.8398; -340.826277; -0.659857;  18;
 4.8499; -340.826276; -0.659882;  18;
 4.8599; -340.826262; -0.659872;  18;
 4.8699; -340.826261; -0.659899;  18;
 4.8799; -340.826248; -0.659889;  18;
 4.8900; -340.826247; -0.659915;  18;
 4.9000; -340.826234; -0.659903;  18;
