19; 1; 0.9000; -340.398846; -0.653684; 997.851516; 0.0019489287; 48.118983; 0.0096944515;
19; 2; 0.9100; -340.432213; -0.653486; 1008.873573; 0.0019704562; 48.132278; 0.0096957906;
19; 3; 0.9201; -340.463584; -0.653284; 1019.077596; 0.0019903859; 48.114094; 0.0096939589;
19; 4; 0.9301; -340.493077; -0.653276; 1028.416859; 0.0020086267; 48.109926; 0.0096935391;
19; 5; 0.9401; -340.520810; -0.653312; 1031.773825; 0.0020151833; 48.106968; 0.0096932410;
19; 6; 0.9501; -340.546853; -0.653492; 1021.515170; 0.0019951468; 48.098374; 0.0096923752;
19; 7; 0.9602; -340.571317; -0.654033; 988.039813; 0.0019297653; 48.109949; 0.0096935414;
19; 8; 0.9702; -340.594278; -0.654804; 933.156930; 0.0018225721; 48.108302; 0.0096933754;
19; 9; 0.9802; -340.615820; -0.655749; 874.207864; 0.0017074372; 48.064235; 0.0096889349;
19; 10; 0.9902; -340.636025; -0.656960; 819.037993; 0.0015996836; 48.066739; 0.0096891872;
19; 11; 1.0003; -340.654960; -0.658161; 777.532703; 0.0015186186; 48.044148; 0.0096869101;
19; 12; 1.0103; -340.672697; -0.659541; 745.032983; 0.0014551425; 48.037142; 0.0096862038;
19; 13; 1.0203; -340.689301; -0.660831; 722.289233; 0.0014107212; 47.969934; 0.0096794255;
19; 14; 1.0303; -340.704840; -0.662233; 703.916593; 0.0013748371; 47.965166; 0.0096789444;
19; 15; 1.0404; -340.719361; -0.663557; 690.579739; 0.0013487886; 47.929002; 0.0096752949;
19; 16; 1.0504; -340.732927; -0.664913; 679.785298; 0.0013277057; 47.895841; 0.0096719473;
19; 17; 1.0604; -340.745589; -0.666277; 671.491384; 0.0013115066; 47.868792; 0.0096692158;
19; 18; 1.0704; -340.757405; -0.667706; 665.539931; 0.0012998827; 47.852046; 0.0096675243;
19; 19; 1.0805; -340.768407; -0.669005; 661.289639; 0.0012915813; 47.808699; 0.0096631447;
19; 20; 1.0905; -340.778647; -0.670324; 658.667440; 0.0012864598; 47.782288; 0.0096604752;
19; 21; 1.1005; -340.788168; -0.671636; 657.407234; 0.0012839985; 47.747265; 0.0096569342;
19; 22; 1.1105; -340.797016; -0.672988; 657.888884; 0.0012849392; 47.727744; 0.0096549599;
19; 23; 1.1206; -340.805216; -0.674222; 658.926332; 0.0012869655; 47.694843; 0.0096516315;
19; 24; 1.1306; -340.812810; -0.675457; 660.886401; 0.0012907938; 47.658535; 0.0096479571;
19; 25; 1.1406; -340.819832; -0.676675; 664.029961; 0.0012969335; 47.630275; 0.0096450962;
19; 26; 1.1506; -340.826316; -0.677870; 668.267610; 0.0013052102; 47.597733; 0.0096418007;
19; 27; 1.1607; -340.832297; -0.679068; 674.575161; 0.0013175296; 47.576841; 0.0096396846;
19; 28; 1.1707; -340.837791; -0.680160; 681.104052; 0.0013302814; 47.540464; 0.0096359986;
19; 29; 1.1807; -340.842833; -0.681244; 688.876938; 0.0013454628; 47.507079; 0.0096326145;
19; 30; 1.1907; -340.847450; -0.682300; 697.736149; 0.0013627659; 47.475915; 0.0096294547;
19; 31; 1.2008; -340.851665; -0.683307; 707.652162; 0.0013821331; 47.444821; 0.0096263007;
19; 32; 1.2108; -340.855503; -0.684269; 718.494617; 0.0014033098; 47.414355; 0.0096232095;
19; 33; 1.2208; -340.858986; -0.685188; 730.338013; 0.0014264414; 47.384262; 0.0096201553;
19; 34; 1.2308; -340.862135; -0.686049; 743.015290; 0.0014512017; 47.354737; 0.0096171576;
19; 35; 1.2409; -340.864969; -0.686855; 756.494625; 0.0014775286; 47.325901; 0.0096142291;
19; 36; 1.2509; -340.867508; -0.687587; 770.416107; 0.0015047190; 47.297914; 0.0096113859;
19; 37; 1.2609; -340.869771; -0.688286; 785.352867; 0.0015338923; 47.270868; 0.0096086375;
19; 38; 1.2709; -340.871774; -0.688910; 800.396786; 0.0015632750; 47.244788; 0.0096059865;
19; 39; 1.2810; -340.873534; -0.689459; 815.384292; 0.0015925474; 47.219680; 0.0096034336;
19; 40; 1.2910; -340.875066; -0.689947; 830.233966; 0.0016215507; 47.195545; 0.0096009790;
19; 41; 1.3010; -340.876385; -0.690364; 844.546570; 0.0016495050; 47.172241; 0.0095986084;
19; 42; 1.3110; -340.877506; -0.690716; 858.171054; 0.0016761153; 47.149690; 0.0095963138;
19; 43; 1.3211; -340.878441; -0.690993; 870.634811; 0.0017004586; 47.127561; 0.0095940615;
19; 44; 1.3311; -340.879204; -0.691212; 882.044566; 0.0017227433; 47.105874; 0.0095918538;
19; 45; 1.3411; -340.879807; -0.691371; 892.244435; 0.0017426649; 47.084407; 0.0095896680;
19; 46; 1.3511; -340.880261; -0.691478; 901.281026; 0.0017603145; 47.063039; 0.0095874918;
19; 47; 1.3612; -340.880576; -0.691531; 908.994630; 0.0017753801; 47.041486; 0.0095852961;
19; 48; 1.3712; -340.880765; -0.691541; 915.646503; 0.0017883721; 47.019829; 0.0095830894;
19; 49; 1.3812; -340.880835; -0.691514; 921.289350; 0.0017993933; 46.998022; 0.0095808670;
19; 50; 1.3912; -340.880797; -0.691450; 925.962485; 0.0018085205; 46.975932; 0.0095786151;
19; 51; 1.4013; -340.880660; -0.691354; 929.813481; 0.0018160420; 46.953688; 0.0095763470;
19; 52; 1.4113; -340.880431; -0.691234; 933.002276; 0.0018222701; 46.931282; 0.0095740618;
19; 53; 1.4213; -340.880119; -0.691091; 935.639042; 0.0018274200; 46.908770; 0.0095717654;
19; 54; 1.4313; -340.879731; -0.690930; 937.849281; 0.0018317369; 46.886153; 0.0095694575;
19; 55; 1.4414; -340.879275; -0.690752; 939.661186; 0.0018352758; 46.863513; 0.0095671468;
19; 56; 1.4514; -340.878757; -0.690560; 941.169474; 0.0018382216; 46.840852; 0.0095648335;
19; 57; 1.4614; -340.878183; -0.690356; 942.396711; 0.0018406186; 46.818207; 0.0095625212;
19; 58; 1.4714; -340.877560; -0.690142; 943.422633; 0.0018426223; 46.795643; 0.0095602165;
19; 59; 1.4815; -340.876893; -0.689919; 944.282060; 0.0018443009; 46.773180; 0.0095579217;
19; 60; 1.4915; -340.876188; -0.689688; 945.007630; 0.0018457180; 46.750828; 0.0095556377;
19; 61; 1.5015; -340.875449; -0.689451; 945.582441; 0.0018468407; 46.728643; 0.0095533701;
19; 62; 1.5115; -340.874681; -0.689206; 946.059965; 0.0018477734; 46.706607; 0.0095511173;
19; 63; 1.5216; -340.873889; -0.688956; 946.439356; 0.0018485144; 46.684753; 0.0095488826;
19; 64; 1.5316; -340.873077; -0.688698; 946.711118; 0.0018490452; 46.663108; 0.0095466687;
19; 65; 1.5416; -340.872248; -0.688434; 946.940650; 0.0018494935; 46.641721; 0.0095444807;
19; 66; 1.5516; -340.871406; -0.688164; 947.062308; 0.0018497311; 46.620588; 0.0095423182;
19; 67; 1.5617; -340.870555; -0.687886; 947.097643; 0.0018498001; 46.599751; 0.0095401855;
19; 68; 1.5717; -340.869696; -0.687601; 947.051642; 0.0018497102; 46.579166; 0.0095380781;
19; 69; 1.5817; -340.868834; -0.687307; 946.903828; 0.0018494215; 46.558871; 0.0095360000;
19; 70; 1.5917; -340.867970; -0.687004; 946.686506; 0.0018489971; 46.538861; 0.0095339506;
19; 71; 1.6018; -340.867108; -0.686690; 946.330431; 0.0018483016; 46.519174; 0.0095319338;
19; 72; 1.6118; -340.866249; -0.686366; 945.879452; 0.0018474208; 46.499767; 0.0095299453;
19; 73; 1.6218; -340.865395; -0.686010; 945.276926; 0.0018462440; 46.480663; 0.0095279875;
19; 74; 1.6318; -340.864547; -0.685678; 944.637296; 0.0018449947; 46.461756; 0.0095260494;
19; 75; 1.6419; -340.863709; -0.685313; 943.800704; 0.0018433608; 46.443092; 0.0095241359;
19; 76; 1.6519; -340.862880; -0.684931; 942.838254; 0.0018414810; 46.424609; 0.0095222405;
19; 77; 1.6619; -340.862063; -0.684532; 941.681052; 0.0018392208; 46.406250; 0.0095203576;
19; 78; 1.6719; -340.861258; -0.684115; 940.409399; 0.0018367371; 46.387955; 0.0095184807;
19; 79; 1.6820; -340.860466; -0.683677; 938.967715; 0.0018339213; 46.369616; 0.0095165990;
19; 80; 1.6920; -340.859688; -0.683219; 937.376094; 0.0018308127; 46.351214; 0.0095147105;
19; 81; 1.7020; -340.858925; -0.682739; 935.634589; 0.0018274113; 46.332648; 0.0095128047;
19; 82; 1.7120; -340.858178; -0.682236; 933.749265; 0.0018237290; 46.313797; 0.0095108693;
19; 83; 1.7221; -340.857446; -0.681710; 931.762308; 0.0018198483; 46.294519; 0.0095088896;
19; 84; 1.7321; -340.856730; -0.681160; 929.624470; 0.0018156728; 46.274818; 0.0095068662;
19; 85; 1.7421; -340.856032; -0.680584; 927.403233; 0.0018113344; 46.254554; 0.0095047843;
19; 86; 1.7521; -340.855349; -0.679985; 925.054031; 0.0018067462; 46.233676; 0.0095026390;
19; 87; 1.7622; -340.854684; -0.679362; 922.656875; 0.0018020642; 46.212028; 0.0095004141;
19; 88; 1.7722; -340.854035; -0.678714; 920.268053; 0.0017973985; 46.189627; 0.0094981111;
19; 89; 1.7822; -340.853404; -0.678042; 917.867150; 0.0017927093; 46.166364; 0.0094957190;
19; 90; 1.7922; -340.852789; -0.677348; 915.506564; 0.0017880988; 46.142208; 0.0094932345;
19; 91; 1.8023; -340.852192; -0.676632; 913.216404; 0.0017836258; 46.117080; 0.0094906491;
19; 92; 1.8123; -340.851610; -0.675895; 911.006263; 0.0017793091; 46.091001; 0.0094879654;
19; 93; 1.8223; -340.851046; -0.675139; 908.912933; 0.0017752206; 46.063933; 0.0094851790;
19; 94; 1.8323; -340.850497; -0.674365; 906.939127; 0.0017713655; 46.035970; 0.0094822995;
19; 95; 1.8424; -340.849965; -0.673575; 905.131039; 0.0017678341; 46.007105; 0.0094793262;
19; 96; 1.8524; -340.849448; -0.671879; 879.541919; 0.0017178553; 45.879806; 0.0094662029;
19; 97; 1.8624; -340.848947; -0.671957; 902.288485; 0.0017622822; 45.947106; 0.0094731432;
19; 98; 1.8724; -340.848461; -0.671134; 901.417709; 0.0017605815; 45.916133; 0.0094699497;
19; 99; 1.8825; -340.847989; -0.670303; 901.044749; 0.0017598530; 45.884668; 0.0094667044;
19; 100; 1.8925; -340.847532; -0.669470; 901.326115; 0.0017604026; 45.852731; 0.0094634092;
19; 101; 1.9025; -340.847089; -0.668636; 902.375396; 0.0017624519; 45.820430; 0.0094600754;
19; 102; 1.9125; -340.846659; -0.667804; 904.256474; 0.0017661259; 45.787818; 0.0094567083;
19; 103; 1.9226; -340.846243; -0.666980; 906.845431; 0.0017711825; 45.754962; 0.0094533147;
19; 104; 1.9326; -340.845840; -0.666166; 910.063760; 0.0017774683; 45.721928; 0.0094499016;
19; 105; 1.9426; -340.845450; -0.665366; 913.821077; 0.0017848068; 45.688788; 0.0094464763;
19; 106; 1.9526; -340.845071; -0.664585; 918.206846; 0.0017933727; 45.655648; 0.0094430497;
19; 107; 1.9627; -340.844705; -0.663828; 923.097249; 0.0018029243; 45.622552; 0.0094396264;
19; 108; 1.9727; -340.844350; -0.663099; 928.504532; 0.0018134854; 45.589582; 0.0094362150;
19; 109; 1.9827; -340.844006; -0.662404; 934.399797; 0.0018249996; 45.556775; 0.0094328191;
19; 110; 1.9927; -340.843673; -0.661747; 940.496073; 0.0018369064; 45.524177; 0.0094294437;
19; 111; 2.0028; -340.843350; -0.661132; 946.360667; 0.0018483607; 45.491734; 0.0094260831;
19; 112; 2.0128; -340.843037; -0.660566; 951.894218; 0.0018591684; 45.459366; 0.0094227291;
19; 113; 2.0228; -340.842735; -0.660050; 956.722880; 0.0018685994; 45.426856; 0.0094193592;
19; 114; 2.0328; -340.842441; -0.659589; 960.653584; 0.0018762765; 45.393955; 0.0094159476;
19; 115; 2.0429; -340.842156; -0.659183; 963.592742; 0.0018820171; 45.360469; 0.0094124739;
19; 116; 2.0529; -340.841880; -0.658834; 965.472861; 0.0018856892; 45.326298; 0.0094089279;
19; 117; 2.0629; -340.841613; -0.658541; 966.325471; 0.0018873544; 45.291438; 0.0094053092;
19; 118; 2.0729; -340.841353; -0.658302; 966.234336; 0.0018871764; 45.256003; 0.0094016292;
19; 119; 2.0830; -340.841102; -0.658115; 965.469297; 0.0018856822; 45.220231; 0.0093979127;
19; 120; 2.0930; -340.840857; -0.657976; 964.435603; 0.0018836633; 45.184390; 0.0093941876;
19; 121; 2.1030; -340.840620; -0.657881; 963.736034; 0.0018822969; 45.148724; 0.0093904793;
19; 122; 2.1130; -340.840390; -0.657827; 963.562155; 0.0018819573; 45.113557; 0.0093868214;
19; 123; 2.1231; -340.840167; -0.657808; 963.257027; 0.0018813614; 45.079075; 0.0093832334;
19; 124; 2.1331; -340.839949; -0.657822; 962.542575; 0.0018799660; 45.045441; 0.0093797322;
19; 125; 2.1431; -340.839738; -0.657864; 961.451247; 0.0018778345; 45.012544; 0.0093763066;
19; 126; 2.1531; -340.839533; -0.657930; 960.001545; 0.0018750030; 44.980960; 0.0093730164;
19; 127; 2.1632; -340.839334; -0.658854; 602.697020; 0.0011771426; 45.001146; 0.0093751193;
19; 128; 2.1732; -340.839139; -0.658125; 956.471344; 0.0018681081; 44.921453; 0.0093668145;
19; 129; 2.1832; -340.838950; -0.659077; 799.502749; 0.0015615288; 44.944910; 0.0093692597;
19; 130; 2.1932; -340.838766; -0.658385; 952.437866; 0.0018602302; 44.866856; 0.0093611206;
19; 131; 2.2033; -340.838587; -0.658534; 950.358013; 0.0018561680; 44.841618; 0.0093584874;
19; 132; 2.2133; -340.838412; -0.658693; 948.243544; 0.0018520382; 44.817657; 0.0093559867;
19; 133; 2.2233; -340.838242; -0.658861; 946.131593; 0.0018479133; 44.794857; 0.0093536065;
19; 134; 2.2333; -340.838075; -0.659036; 944.093671; 0.0018439330; 44.773272; 0.0093513527;
19; 135; 2.2434; -340.837913; -0.659217; 942.084355; 0.0018400085; 44.752733; 0.0093492076;
19; 136; 2.2534; -340.837754; -0.659403; 940.133213; 0.0018361977; 44.733127; 0.0093471594;
19; 137; 2.2634; -340.837600; -0.659593; 938.235982; 0.0018324922; 44.714248; 0.0093451867;
19; 138; 2.2734; -340.837448; -0.659786; 936.369300; 0.0018288463; 44.695870; 0.0093432661;
19; 139; 2.2835; -340.837300; -0.659982; 934.562007; 0.0018253164; 44.677688; 0.0093413655;
19; 140; 2.2935; -340.837155; -0.660179; 932.820203; 0.0018219145; 44.659290; 0.0093394420;
19; 141; 2.3035; -340.837013; -0.660379; 931.176385; 0.0018187039; 44.640159; 0.0093374413;
19; 142; 2.3135; -340.836874; -0.660578; 929.581157; 0.0018155882; 44.619773; 0.0093353090;
19; 143; 2.3236; -340.836738; -0.660779; 928.047881; 0.0018125935; 44.597602; 0.0093329894;
19; 144; 2.3336; -340.836604; -0.660980; 926.561644; 0.0018096907; 44.573186; 0.0093304343;
19; 145; 2.3436; -340.836473; -0.661180; 925.119808; 0.0018068746; 44.546271; 0.0093276168;
19; 146; 2.3536; -340.836344; -0.661379; 923.700905; 0.0018041033; 44.516774; 0.0093245281;
19; 147; 2.3637; -340.836220; -0.661650; 922.694166; 0.0018021370; 44.491742; 0.0093219061;
19; 148; 2.3737; -340.836093; -0.661901; 921.670107; 0.0018001369; 44.460642; 0.0093186475;
19; 149; 2.3837; -340.835968; -0.662138; 920.548634; 0.0017979466; 44.426527; 0.0093150716;
19; 150; 2.3937; -340.835845; -0.662359; 919.405755; 0.0017957144; 44.390833; 0.0093113289;
19; 151; 2.4038; -340.835724; -0.662571; 918.246664; 0.0017934505; 44.354485; 0.0093075159;
19; 152; 2.4138; -340.835606; -0.662775; 917.078596; 0.0017911691; 44.318038; 0.0093036911;
19; 153; 2.4238; -340.835490; -0.662974; 915.935346; 0.0017889362; 44.281873; 0.0092998943;
19; 154; 2.4338; -340.835375; -0.663164; 914.920031; 0.0017869532; 44.248555; 0.0092963949;
19; 155; 2.4439; -340.835262; -0.663350; 913.919261; 0.0017849986; 44.215314; 0.0092929024;
19; 156; 2.4539; -340.835151; -0.663534; 912.899040; 0.0017830059; 44.182508; 0.0092894543;
19; 157; 2.4639; -340.835062; -0.663581; 910.941043; 0.0017791817; 44.130596; 0.0092839954;
19; 158; 2.4739; -340.834952; -0.663790; 910.160036; 0.0017776563; 44.107486; 0.0092815642;
19; 159; 2.4840; -340.834841; -0.663997; 909.352821; 0.0017760797; 44.080657; 0.0092787410;
19; 160; 2.4940; -340.834733; -0.664194; 908.482429; 0.0017743797; 44.053019; 0.0092758316;
19; 161; 2.5040; -340.834627; -0.664382; 907.569067; 0.0017725958; 44.025378; 0.0092729212;
19; 162; 2.5140; -340.834539; -0.664492; 905.963615; 0.0017694602; 43.978501; 0.0092679830;
19; 163; 2.5241; -340.834435; -0.664671; 905.160362; 0.0017678913; 43.960598; 0.0092660965;
19; 164; 2.5341; -340.834331; -0.664858; 904.368468; 0.0017663447; 43.938031; 0.0092637178;
19; 165; 2.5441; -340.834229; -0.665038; 903.498128; 0.0017646448; 43.914452; 0.0092612318;
19; 166; 2.5541; -340.834145; -0.665145; 901.962812; 0.0017616461; 43.869626; 0.0092565038;
19; 167; 2.5642; -340.834046; -0.665317; 901.202977; 0.0017601621; 43.855805; 0.0092550456;
19; 168; 2.5742; -340.833946; -0.665494; 900.461822; 0.0017587145; 43.836878; 0.0092530483;
19; 169; 2.5842; -340.833848; -0.665666; 899.670479; 0.0017571689; 43.816668; 0.0092509151;
19; 170; 2.5942; -340.833769; -0.665765; 898.137475; 0.0017541748; 43.773382; 0.0092463445;
19; 171; 2.6043; -340.833673; -0.665926; 897.438397; 0.0017528094; 43.763215; 0.0092452706;
19; 172; 2.6143; -340.833577; -0.666094; 896.750011; 0.0017514649; 43.747210; 0.0092435799;
19; 173; 2.6243; -340.833483; -0.666256; 896.000279; 0.0017500005; 43.729256; 0.0092416829;
19; 174; 2.6343; -340.833408; -0.666347; 894.511898; 0.0017470936; 43.687508; 0.0092372704;
19; 175; 2.6444; -340.833316; -0.666498; 893.874156; 0.0017458480; 43.678012; 0.0092362664;
19; 176; 2.6544; -340.833223; -0.666657; 893.234371; 0.0017445984; 43.661121; 0.0092344803;
19; 177; 2.6644; -340.833133; -0.666811; 892.509325; 0.0017431823; 43.640602; 0.0092323101;
19; 178; 2.6744; -340.833062; -0.666896; 891.035583; 0.0017403039; 43.597543; 0.0092277544;
19; 179; 2.6845; -340.832973; -0.667036; 890.384573; 0.0017390324; 43.581607; 0.0092260677;
19; 180; 2.6945; -340.832884; -0.667185; 889.743475; 0.0017377802; 43.557232; 0.0092234873;
19; 181; 2.7045; -340.832812; -0.667281; 888.424329; 0.0017352038; 43.513763; 0.0092188838;
19; 182; 2.7145; -340.832725; -0.667415; 887.808434; 0.0017340008; 43.490864; 0.0092164577;
19; 183; 2.7246; -340.832638; -0.667559; 887.212071; 0.0017328361; 43.461102; 0.0092133037;
19; 184; 2.7346; -340.832568; -0.667650; 885.889049; 0.0017302520; 43.415322; 0.0092084500;
19; 185; 2.7446; -340.832484; -0.667778; 885.317190; 0.0017291351; 43.388690; 0.0092056252;
19; 186; 2.7546; -340.832399; -0.667915; 884.719610; 0.0017279680; 43.356822; 0.0092022439;
19; 187; 2.7647; -340.832331; -0.667999; 883.435392; 0.0017254598; 43.309388; 0.0091972087;
19; 188; 2.7747; -340.832249; -0.668122; 882.871662; 0.0017243587; 43.282367; 0.0091943392;
19; 189; 2.7847; -340.832166; -0.668254; 882.318875; 0.0017232791; 43.250870; 0.0091909932;
19; 190; 2.7947; -340.832102; -0.668334; 881.022039; 0.0017207462; 43.202754; 0.0091858794;
19; 191; 2.8048; -340.832022; -0.668450; 880.488232; 0.0017197036; 43.177662; 0.0091832113;
19; 192; 2.8148; -340.831941; -0.668577; 879.946740; 0.0017186460; 43.148296; 0.0091800880;
19; 193; 2.8248; -340.831879; -0.668653; 878.651024; 0.0017161153; 43.101282; 0.0091750854;
19; 194; 2.8348; -340.831801; -0.668763; 878.138913; 0.0017151151; 43.079441; 0.0091727604;
19; 195; 2.8449; -340.831722; -0.668883; 877.623550; 0.0017141085; 43.053250; 0.0091699716;
19; 196; 2.8549; -340.831662; -0.668955; 876.348121; 0.0017116174; 43.008383; 0.0091651922;
19; 197; 2.8649; -340.831586; -0.669059; 875.859450; 0.0017106630; 42.990209; 0.0091632555;
19; 198; 2.8749; -340.831510; -0.669175; 875.357376; 0.0017096824; 42.967529; 0.0091608381;
19; 199; 2.8850; -340.831452; -0.669244; 874.124159; 0.0017072737; 42.925024; 0.0091563059;
19; 200; 2.8950; -340.831379; -0.669342; 873.643031; 0.0017063340; 42.910438; 0.0091547500;
19; 201; 2.9050; -340.831304; -0.669453; 873.190031; 0.0017054493; 42.890987; 0.0091526749;
19; 202; 2.9150; -340.831249; -0.669518; 871.969580; 0.0017030656; 42.850356; 0.0091483387;
19; 203; 2.9251; -340.831177; -0.669611; 871.533260; 0.0017022134; 42.838772; 0.0091471021;
19; 204; 2.9351; -340.831105; -0.669717; 871.075281; 0.0017013189; 42.821904; 0.0091453010;
19; 205; 2.9451; -340.831052; -0.669781; 869.881990; 0.0016989883; 42.782299; 0.0091410710;
19; 206; 2.9551; -340.830982; -0.669867; 869.455442; 0.0016981552; 42.772969; 0.0091400741;
19; 207; 2.9652; -340.830912; -0.669969; 869.013650; 0.0016972923; 42.757833; 0.0091384568;
19; 208; 2.9752; -340.830861; -0.670027; 867.825466; 0.0016949716; 42.718379; 0.0091342396;
19; 209; 2.9852; -340.830793; -0.670111; 867.426175; 0.0016941917; 42.710322; 0.0091333782;
19; 210; 2.9952; -340.830725; -0.670207; 867.012683; 0.0016933841; 42.695711; 0.0091318159;
19; 211; 3.0053; -340.830676; -0.670264; 865.824815; 0.0016910641; 42.655603; 0.0091275256;
19; 212; 3.0153; -340.830610; -0.670341; 865.456468; 0.0016903447; 42.646964; 0.0091266013;
19; 213; 3.0253; -340.830543; -0.670434; 865.049446; 0.0016895497; 42.630556; 0.0091248454;
19; 214; 3.0353; -340.830497; -0.670488; 863.902652; 0.0016873099; 42.588845; 0.0091203804;
19; 215; 3.0454; -340.830433; -0.670561; 863.521313; 0.0016865651; 42.576125; 0.0091190183;
19; 216; 3.0554; -340.830368; -0.670650; 863.152365; 0.0016858445; 42.554593; 0.0091167121;
19; 217; 3.0654; -340.830323; -0.670701; 862.021748; 0.0016836362; 42.510188; 0.0091119543;
19; 218; 3.0754; -340.830261; -0.670769; 861.651246; 0.0016829126; 42.490569; 0.0091098514;
19; 219; 3.0855; -340.830198; -0.670854; 861.272704; 0.0016821732; 42.462836; 0.0091068780;
19; 220; 3.0955; -340.830156; -0.670903; 860.160777; 0.0016800015; 42.416338; 0.0091018905;
19; 221; 3.1055; -340.830096; -0.670968; 859.793279; 0.0016792837; 42.391481; 0.0090992231;
19; 222; 3.1155; -340.830034; -0.671049; 859.454034; 0.0016786212; 42.360559; 0.0090959039;
19; 223; 3.1256; -340.829994; -0.671095; 858.367932; 0.0016764999; 42.314014; 0.0090909053;
19; 224; 3.1356; -340.829936; -0.671157; 858.027256; 0.0016758345; 42.287818; 0.0090880908;
19; 225; 3.1456; -340.829876; -0.671235; 857.695415; 0.0016751864; 42.256989; 0.0090847775;
19; 226; 3.1556; -340.829838; -0.671280; 856.657149; 0.0016731585; 42.211347; 0.0090798698;
19; 227; 3.1657; -340.829781; -0.671337; 856.341595; 0.0016725422; 42.186130; 0.0090771574;
19; 228; 3.1757; -340.829724; -0.671412; 856.045159; 0.0016719632; 42.156676; 0.0090739880;
19; 229; 3.1857; -340.829687; -0.671456; 855.062955; 0.0016700448; 42.111130; 0.0090690848;
19; 230; 3.1957; -340.829633; -0.671511; 854.791875; 0.0016695154; 42.087440; 0.0090665335;
19; 231; 3.2058; -340.829577; -0.671581; 854.520477; 0.0016689853; 42.059386; 0.0090635114;
19; 232; 3.2158; -340.829542; -0.671622; 853.588909; 0.0016671658; 42.013258; 0.0090585398;
19; 233; 3.2258; -340.829489; -0.671674; 853.365672; 0.0016667298; 41.991723; 0.0090562179;
19; 234; 3.2358; -340.829435; -0.671743; 853.140960; 0.0016662909; 41.965762; 0.0090534181;
19; 235; 3.2459; -340.829403; -0.671783; 852.272880; 0.0016645955; 41.920147; 0.0090484964;
19; 236; 3.2559; -340.829351; -0.671831; 852.077114; 0.0016642131; 41.901690; 0.0090465042;
19; 237; 3.2659; -340.829299; -0.671896; 851.895570; 0.0016638585; 41.878663; 0.0090440181;
19; 238; 3.2759; -340.829268; -0.671935; 851.077915; 0.0016622616; 41.834759; 0.0090392762;
19; 239; 3.2860; -340.829219; -0.671979; 850.941935; 0.0016619960; 41.819772; 0.0090376569;
19; 240; 3.2960; -340.829168; -0.672043; 850.843382; 0.0016618035; 41.799984; 0.0090355185;
19; 241; 3.3060; -340.829139; -0.672079; 850.113028; 0.0016603770; 41.758311; 0.0090310133;
19; 242; 3.3160; -340.829091; -0.672120; 850.040360; 0.0016602351; 41.746646; 0.0090297518;
19; 243; 3.3261; -340.829042; -0.672181; 850.007889; 0.0016601717; 41.729892; 0.0090279397;
19; 244; 3.3361; -340.829014; -0.672216; 849.353081; 0.0016588927; 41.690272; 0.0090236529;
19; 245; 3.3461; -340.828968; -0.672254; 849.349142; 0.0016588850; 41.681514; 0.0090227050;
19; 246; 3.3561; -340.828921; -0.672313; 849.405556; 0.0016589952; 41.667291; 0.0090211656;
19; 247; 3.3662; -340.828895; -0.672346; 848.870228; 0.0016579497; 41.629055; 0.0090170255;
19; 248; 3.3762; -340.828850; -0.672382; 848.946039; 0.0016580977; 41.622322; 0.0090162963;
19; 249; 3.3862; -340.828804; -0.672438; 849.130386; 0.0016584578; 41.609533; 0.0090149109;
19; 250; 3.3962; -340.828780; -0.672470; 848.701890; 0.0016576209; 41.571572; 0.0090107978;
19; 251; 3.4063; -340.828736; -0.672505; 848.884236; 0.0016579770; 41.565359; 0.0090101244;
19; 252; 3.4163; -340.828692; -0.672557; 849.192815; 0.0016585797; 41.552061; 0.0090086829;
19; 253; 3.4263; -340.828669; -0.672588; 848.942791; 0.0016580914; 41.513336; 0.0090044841;
19; 254; 3.4363; -340.828627; -0.672621; 849.258803; 0.0016587086; 41.504660; 0.0090035432;
19; 255; 3.4464; -340.828598; -0.672657; 849.310304; 0.0016588092; 41.470110; 0.0089997949;
19; 256; 3.4564; -340.828557; -0.672691; 849.773071; 0.0016597130; 41.457856; 0.0089984651;
19; 257; 3.4664; -340.828529; -0.672730; 850.040668; 0.0016602357; 41.421536; 0.0089945226;
19; 258; 3.4764; -340.828489; -0.672763; 850.668162; 0.0016614613; 41.404688; 0.0089926933;
19; 259; 3.4865; -340.828461; -0.672801; 851.167931; 0.0016624374; 41.366133; 0.0089885054;
19; 260; 3.4965; -340.828422; -0.672833; 851.998723; 0.0016640600; 41.345205; 0.0089862313;
19; 261; 3.5065; -340.828395; -0.672868; 852.794431; 0.0016656141; 41.305222; 0.0089818852;
19; 262; 3.5165; -340.828357; -0.672899; 853.893245; 0.0016677602; 41.281737; 0.0089793314;
19; 263; 3.5266; -340.828331; -0.672933; 855.069191; 0.0016700570; 41.241419; 0.0089749455;
19; 264; 3.5366; -340.828294; -0.672963; 856.515715; 0.0016728823; 41.217041; 0.0089722925;
19; 265; 3.5466; -340.828269; -0.672995; 858.232744; 0.0016762358; 41.177165; 0.0089679513;
19; 266; 3.5566; -340.828233; -0.673023; 860.191916; 0.0016800623; 41.153187; 0.0089653398;
19; 267; 3.5667; -340.828209; -0.673056; 862.696762; 0.0016849546; 41.114197; 0.0089610918;
19; 268; 3.5767; -340.828173; -0.673080; 865.378255; 0.0016901919; 41.091279; 0.0089585939;
19; 269; 3.5867; -340.828150; -0.673110; 868.980847; 0.0016972282; 41.053261; 0.0089544486;
19; 270; 3.5967; -340.828115; -0.673132; 872.815688; 0.0017047181; 41.031654; 0.0089520919;
19; 271; 3.6068; -340.828093; -0.673158; 878.141247; 0.0017151196; 40.994349; 0.0089480214;
19; 272; 3.6168; -340.828059; -0.673177; 883.719246; 0.0017260142; 40.974189; 0.0089458210;
19; 273; 3.6268; -340.828037; -0.673197; 891.671896; 0.0017415467; 40.937498; 0.0089418147;
19; 274; 3.6368; -340.828004; -0.673209; 899.871799; 0.0017575621; 40.919400; 0.0089398380;
19; 275; 3.6469; -340.827983; -0.673216; 911.182213; 0.0017796528; 40.884574; 0.0089360329;
19; 276; 3.6569; -340.827950; -0.673213; 921.583713; 0.0017999682; 40.871329; 0.0089345853;
19; 277; 3.6669; -340.827930; -0.673190; 930.648602; 0.0018176731; 40.844617; 0.0089316651;
19; 278; 3.6769; -340.827898; -0.673144; 927.917790; 0.0018123394; 40.845539; 0.0089317659;
19; 279; 3.6870; -340.827878; -0.673846; 909.301581; 0.0017759796; 40.829453; 0.0089300070;
19; 280; 3.6970; -340.827847; -0.673759; 926.731942; 0.0018100233; 40.795702; 0.0089263153;
19; 281; 3.7070; -340.827828; -0.673708; 921.711715; 0.0018002182; 40.739759; 0.0089201929;
19; 282; 3.7170; -340.827797; -0.673686; 909.124946; 0.0017756347; 40.716351; 0.0089176299;
19; 283; 3.7271; -340.827779; -0.673683; 892.862417; 0.0017438719; 40.672459; 0.0089128220;
19; 284; 3.7371; -340.827749; -0.673684; 880.819544; 0.0017203507; 40.656788; 0.0089111048;
19; 285; 3.7471; -340.827732; -0.673697; 868.647626; 0.0016965774; 40.618598; 0.0089069186;
19; 286; 3.7571; -340.827702; -0.673706; 860.213982; 0.0016801054; 40.606803; 0.0089056253;
19; 287; 3.7672; -340.827685; -0.673726; 851.706498; 0.0016634893; 40.571465; 0.0089017494;
19; 288; 3.7772; -340.827656; -0.673738; 845.811821; 0.0016519762; 40.562120; 0.0089007242;
19; 289; 3.7872; -340.827640; -0.673761; 839.639485; 0.0016399209; 40.528633; 0.0088970493;
19; 290; 3.7972; -340.827611; -0.673774; 835.360098; 0.0016315627; 40.521008; 0.0088962124;
19; 291; 3.8073; -340.827596; -0.673799; 830.675515; 0.0016224131; 40.488689; 0.0088926639;
19; 292; 3.8173; -340.827568; -0.673813; 827.422002; 0.0016160586; 40.482131; 0.0088919436;
19; 293; 3.8273; -340.827553; -0.673839; 823.707656; 0.0016088040; 40.450403; 0.0088884584;
19; 294; 3.8373; -340.827526; -0.673852; 821.161897; 0.0016038318; 40.443951; 0.0088877495;
19; 295; 3.8474; -340.827511; -0.673878; 818.129120; 0.0015979084; 40.412013; 0.0088842396;
19; 296; 3.8574; -340.827484; -0.673892; 816.074593; 0.0015938957; 40.404337; 0.0088833958;
19; 297; 3.8674; -340.827470; -0.673919; 813.522425; 0.0015889110; 40.371279; 0.0088797609;
19; 298; 3.8774; -340.827444; -0.673932; 811.832679; 0.0015856107; 40.360846; 0.0088786135;
19; 299; 3.8875; -340.827431; -0.673958; 809.620280; 0.0015812896; 40.325821; 0.0088747602;
19; 300; 3.8975; -340.827405; -0.673972; 808.189023; 0.0015784942; 40.311344; 0.0088731671;
19; 301; 3.9075; -340.827392; -0.673998; 806.229683; 0.0015746673; 40.274173; 0.0088690752;
19; 302; 3.9175; -340.827367; -0.674011; 804.993499; 0.0015722529; 40.255321; 0.0088669991;
19; 303; 3.9276; -340.827354; -0.674036; 803.226633; 0.0015688020; 40.216385; 0.0088627099;
19; 304; 3.9376; -340.827330; -0.674049; 802.147105; 0.0015666936; 40.194250; 0.0088602706;
19; 305; 3.9476; -340.827318; -0.674075; 800.536585; 0.0015635480; 40.154567; 0.0088558957;
19; 306; 3.9576; -340.827294; -0.674087; 799.580285; 0.0015616802; 40.130789; 0.0088532733;
19; 307; 3.9677; -340.827282; -0.674112; 798.099029; 0.0015587872; 40.091329; 0.0088489196;
19; 308; 3.9777; -340.827258; -0.674124; 797.239898; 0.0015571092; 40.067421; 0.0088462807;
19; 309; 3.9877; -340.827247; -0.674148; 795.869496; 0.0015544326; 40.028919; 0.0088420294;
19; 310; 3.9977; -340.827224; -0.674159; 795.109606; 0.0015529484; 40.005901; 0.0088394867;
19; 311; 4.0078; -340.827213; -0.674184; 793.830319; 0.0015504498; 39.968753; 0.0088353817;
19; 312; 4.0178; -340.827190; -0.674194; 793.142119; 0.0015491057; 39.947137; 0.0088329922;
19; 313; 4.0278; -340.827180; -0.674218; 791.946314; 0.0015467701; 39.911371; 0.0088290371;
19; 314; 4.0378; -340.827157; -0.674228; 791.312998; 0.0015455332; 39.891306; 0.0088268175;
19; 315; 4.0479; -340.827147; -0.674251; 790.187319; 0.0015433346; 39.856689; 0.0088229868;
19; 316; 4.0579; -340.827125; -0.674262; 789.612515; 0.0015422119; 39.838104; 0.0088209295;
19; 317; 4.0679; -340.827115; -0.674285; 788.527824; 0.0015400934; 39.804156; 0.0088171703;
19; 318; 4.0779; -340.827093; -0.674295; 787.978388; 0.0015390203; 39.786811; 0.0088152490;
19; 319; 4.0880; -340.827084; -0.674317; 786.933504; 0.0015369795; 39.752880; 0.0088114893;
19; 320; 4.0980; -340.827062; -0.674327; 786.429219; 0.0015359946; 39.736527; 0.0088096767;
19; 321; 4.1080; -340.827053; -0.674350; 785.401676; 0.0015339876; 39.702084; 0.0088058578;
19; 322; 4.1180; -340.827032; -0.674358; 784.920752; 0.0015330483; 39.686737; 0.0088041557;
19; 323; 4.1281; -340.827023; -0.674381; 783.932846; 0.0015311188; 39.651849; 0.0088002851;
19; 324; 4.1381; -340.827002; -0.674389; 783.489904; 0.0015302537; 39.637759; 0.0087987214;
19; 325; 4.1481; -340.826994; -0.674412; 782.532076; 0.0015283830; 39.602952; 0.0087948574;
19; 326; 4.1581; -340.826973; -0.674420; 782.127100; 0.0015275920; 39.590407; 0.0087934643;
19; 327; 4.1682; -340.826965; -0.674442; 781.198028; 0.0015257774; 39.556228; 0.0087896677;
19; 328; 4.1782; -340.826945; -0.674450; 780.802091; 0.0015250041; 39.545386; 0.0087884630;
19; 329; 4.1882; -340.826937; -0.674471; 779.895907; 0.0015232342; 39.512175; 0.0087847719;
19; 330; 4.1982; -340.826917; -0.674479; 779.530589; 0.0015225207; 39.503053; 0.0087837577;
19; 331; 4.2083; -340.826910; -0.674500; 778.647683; 0.0015207963; 39.471045; 0.0087801984;
19; 332; 4.2183; -340.826890; -0.674508; 778.295040; 0.0015201075; 39.463568; 0.0087793668;
19; 333; 4.2283; -340.826883; -0.674529; 777.436267; 0.0015184302; 39.432703; 0.0087759329;
19; 334; 4.2383; -340.826864; -0.674536; 777.116057; 0.0015178048; 39.426707; 0.0087752657;
19; 335; 4.2484; -340.826857; -0.674557; 776.256847; 0.0015161267; 39.396923; 0.0087719505;
19; 336; 4.2584; -340.826838; -0.674564; 775.947431; 0.0015155223; 39.392076; 0.0087714109;
19; 337; 4.2684; -340.826831; -0.674585; 775.098013; 0.0015138633; 39.363119; 0.0087681863;
19; 338; 4.2784; -340.826813; -0.674591; 774.798232; 0.0015132778; 39.358855; 0.0087677114;
19; 339; 4.2885; -340.826807; -0.674612; 773.953234; 0.0015116274; 39.330252; 0.0087645250;
19; 340; 4.2985; -340.826788; -0.674618; 773.661789; 0.0015110582; 39.325639; 0.0087640110;
19; 341; 4.3085; -340.826782; -0.674638; 772.829360; 0.0015094323; 39.296647; 0.0087607799;
19; 342; 4.3185; -340.826764; -0.674645; 772.561008; 0.0015089082; 39.290309; 0.0087600733;
19; 343; 4.3286; -340.826759; -0.674664; 771.741539; 0.0015073077; 39.259994; 0.0087566932;
19; 344; 4.3386; -340.826741; -0.674670; 771.469870; 0.0015067771; 39.250395; 0.0087556226;
19; 345; 4.3486; -340.826736; -0.674690; 770.643520; 0.0015051631; 39.217917; 0.0087519995;
19; 346; 4.3586; -340.826718; -0.674695; 770.377921; 0.0015046444; 39.203828; 0.0087504272;
19; 347; 4.3687; -340.826713; -0.674714; 769.537682; 0.0015030033; 39.168770; 0.0087465139;
19; 348; 4.3787; -340.826695; -0.674720; 769.269619; 0.0015024797; 39.150116; 0.0087444308;
19; 349; 4.3887; -340.826691; -0.674738; 768.435903; 0.0015008514; 39.112886; 0.0087402721;
19; 350; 4.3987; -340.826673; -0.674744; 768.162999; 0.0015003184; 39.090783; 0.0087378021;
19; 351; 4.4088; -340.826669; -0.674763; 767.334475; 0.0014987001; 39.052218; 0.0087334909;
19; 352; 4.4188; -340.826652; -0.674767; 767.057494; 0.0014981592; 39.028274; 0.0087308131;
19; 353; 4.4288; -340.826647; -0.674786; 766.244903; 0.0014965721; 38.989406; 0.0087264646;
19; 354; 4.4388; -340.826630; -0.674790; 765.980654; 0.0014960560; 38.965033; 0.0087237366;
19; 355; 4.4489; -340.826626; -0.674808; 765.156856; 0.0014944470; 38.926500; 0.0087194221;
19; 356; 4.4589; -340.826609; -0.674813; 764.891461; 0.0014939286; 38.902744; 0.0087167609;
19; 357; 4.4689; -340.826605; -0.674830; 764.083104; 0.0014923498; 38.865073; 0.0087125396;
19; 358; 4.4789; -340.826588; -0.674835; 763.822422; 0.0014918407; 38.842523; 0.0087100116;
19; 359; 4.4890; -340.826585; -0.674851; 763.009673; 0.0014902533; 38.805985; 0.0087059140;
19; 360; 4.4990; -340.826568; -0.674856; 762.751228; 0.0014897485; 38.784926; 0.0087035515;
19; 361; 4.5090; -340.826564; -0.674873; 761.942954; 0.0014881698; 38.749618; 0.0086995890;
19; 362; 4.5190; -340.826548; -0.674878; 761.701833; 0.0014876989; 38.730185; 0.0086974073;
19; 363; 4.5291; -340.826545; -0.674895; 760.899959; 0.0014861327; 38.696032; 0.0086935716;
19; 364; 4.5391; -340.826529; -0.674899; 760.665921; 0.0014856756; 38.678177; 0.0086915657;
19; 365; 4.5491; -340.826525; -0.674916; 759.880795; 0.0014841422; 38.644909; 0.0086878270;
19; 366; 4.5591; -340.826509; -0.674919; 759.653545; 0.0014836983; 38.628483; 0.0086859804;
19; 367; 4.5692; -340.826506; -0.674936; 758.849557; 0.0014821280; 38.595637; 0.0086822868;
19; 368; 4.5792; -340.826491; -0.674940; 758.636458; 0.0014817118; 38.580405; 0.0086805733;
19; 369; 4.5892; -340.826488; -0.674957; 757.850328; 0.0014801764; 38.547410; 0.0086768606;
19; 370; 4.5992; -340.826472; -0.674960; 757.643690; 0.0014797728; 38.533203; 0.0086752615;
19; 371; 4.6093; -340.826469; -0.674977; 756.867265; 0.0014782564; 38.499825; 0.0086715034;
19; 372; 4.6193; -340.826454; -0.674979; 756.663665; 0.0014778587; 38.486785; 0.0086700347;
19; 373; 4.6293; -340.826451; -0.674996; 755.884256; 0.0014763364; 38.453317; 0.0086662642;
19; 374; 4.6393; -340.826436; -0.674999; 755.679917; 0.0014759373; 38.441712; 0.0086649564;
19; 375; 4.6494; -340.826434; -0.675015; 754.912457; 0.0014744384; 38.408704; 0.0086612355;
19; 376; 4.6594; -340.826419; -0.675018; 754.712796; 0.0014740484; 38.398725; 0.0086601102;
19; 377; 4.6694; -340.826417; -0.675034; 753.937211; 0.0014725336; 38.366571; 0.0086564836;
19; 378; 4.6794; -340.826402; -0.675037; 753.746549; 0.0014721612; 38.358275; 0.0086555476;
19; 379; 4.6895; -340.826400; -0.675052; 752.986123; 0.0014706760; 38.327222; 0.0086520434;
19; 380; 4.6995; -340.826385; -0.675055; 752.822253; 0.0014703560; 38.320571; 0.0086512927;
19; 381; 4.7095; -340.826383; -0.675071; 752.096881; 0.0014689392; 38.290698; 0.0086479199;
19; 382; 4.7195; -340.826369; -0.675073; 751.944349; 0.0014686413; 38.285529; 0.0086473363;
19; 383; 4.7296; -340.826367; -0.675089; 751.235072; 0.0014672560; 38.256765; 0.0086440872;
19; 384; 4.7396; -340.826353; -0.675091; 751.079548; 0.0014669522; 38.252798; 0.0086436391;
19; 385; 4.7496; -340.826351; -0.675106; 750.369936; 0.0014655663; 38.224981; 0.0086404957;
19; 386; 4.7596; -340.826337; -0.675109; 750.221526; 0.0014652764; 38.221724; 0.0086401276;
19; 387; 4.7697; -340.826336; -0.675124; 749.513534; 0.0014638936; 38.194475; 0.0086370471;
19; 388; 4.7797; -340.826322; -0.675126; 749.373852; 0.0014636208; 38.191110; 0.0086366666;
19; 389; 4.7897; -340.826320; -0.675140; 748.657380; 0.0014622214; 38.163892; 0.0086335885;
19; 390; 4.7997; -340.826306; -0.675142; 748.511227; 0.0014619360; 38.159202; 0.0086330581;
19; 391; 4.8098; -340.826305; -0.675157; 747.790658; 0.0014605286; 38.131264; 0.0086298972;
19; 392; 4.8198; -340.826291; -0.675159; 747.622184; 0.0014601996; 38.123826; 0.0086290554;
19; 393; 4.8298; -340.826290; -0.675174; 746.903409; 0.0014587957; 38.094368; 0.0086257209;
19; 394; 4.8398; -340.826277; -0.675175; 746.727368; 0.0014584519; 38.082941; 0.0086244272;
19; 395; 4.8499; -340.826276; -0.675189; 745.997653; 0.0014570267; 38.051460; 0.0086208618;
19; 396; 4.8599; -340.826262; -0.675191; 745.813194; 0.0014566664; 38.035696; 0.0086190758;
19; 397; 4.8699; -340.826261; -0.675205; 745.082305; 0.0014552389; 38.002262; 0.0086152869;
19; 398; 4.8799; -340.826248; -0.675207; 744.876624; 0.0014548372; 37.982943; 0.0086130968;
19; 399; 4.8900; -340.826247; -0.675221; 744.147000; 0.0014534121; 37.948158; 0.0086091519;
19; 400; 4.9000; -340.826234; -0.675221; 743.940308; 0.0014530084; 37.926675; 0.0086067147;
